0 14 23 42 44 50
1 36
2 13
3 36
4 10 17
5 11 29 31
6 47
7 11
8 34 8
9 33
10 18
11 50
12 33 4
13 33 4
14 34
15 14 4
16 28
17 38 45
18 30 32 33 36
19 33
20 16
21 8
22 32 4 49
23 18
24 45 8
25 34 45
26 41 44
27 18
28 14
29 11 30
30 11 50
31 13 20 24 44
32 11 13
33 3
34 11 27 37
35 43
36 3
37 15 21 3 35
38 20 38
39 30 32
40 7
41 29
42 27 4
43 27
44 47
45 20 30
46 20
47 14 20 36 4 47 49
48 5
49 14 3 38
50 12 14 16
51 40
52 14 43
53 41
54 17
55 47
56 37
57 37
58 2
59 24 30 37
60 20 3 50
61 46
62 19
63 7
64 42
65 34
66 42
67 14 40
68 14
69 11 20 50
70 44
71 32
72 19
73 7
74 15 23 3
75 15 26 5
76 26 36
77 26
78 4
79 3
80 42
81 16 50 8
82 31
83 16 7
84 8
85 4
86 4
87 30
88 12 16
89 41
90 24 41
91 16
92 49
93 20
94 41
95 26 42
96 36
97 20
98 36
99 41 5
100 21 25
101 18 33
102 38
103 11
104 7
105 13
106 11 18
107 26
108 13
109 26
110 40
111 14
112 19
113 13 20 29
114 4
115 15 21 23 25 35
116 37
117 15 46 5
118 15
119 11 12 16 18
120 8
121 32 49
122 4
123 15 35
124 49
125 43
126 33 7
127 14
128 3
129 28 41
130 23
131 1 42 46
132 27
133 18
134 21 25
135 8
136 23
137 19
138 16 47
139 27
140 34 6
141 11 16 30
142 21
143 32
144 18
145 26
146 3
147 28
148 47
149 12 23 44 46 47 5
150 3
151 33
152 14
153 26
154 3 35
155 7
156 12 18
157 18
158 14 41
159 41
160 15 18 35
161 10
162 15 3 42
163 35
164 3
165 44
166 20 48
167 20 48
168 12
169 48
170 12 47
171 16
172 11
173 13
174 12 16 34
175 29
176 17
177 23 43
178 30
179 36
180 19 20
181 20 28
182 15
183 17
184 42
185 29
186 23
187 30
188 36 7
189 17 20 34 47
190 45
191 28
192 38 43 8
193 37
194 29 40 43 45 8
195 17
196 15 3 31 38 43 45 8
197 43 45
198 3 38 46 5 9
199 34
200 7
201 20 22 24
202 40 49
203 7
204 40
205 32 41
206 36
207 41 48
208 5
209 42 43
210 22
211 38
212 18 33
213 45
214 7
215 46
216 30
217 30 41 43
218 37
219 4
220 38 40 45
221 31 38 40 42
222 30 7
223 30
224 11 38
225 40
226 17 34 47
227 34 38 47
228 19
229 37
230 15 21 23 25 3
231 32
232 40
233 26
234 15 21 25
235 23
236 38
237 39
238 17 23 26 46
239 3 48
240 19 30
241 15
242 15 23
243 29
244 47
245 12
246 4
247 46
248 23
249 17
250 46
251 18
252 27 29
253 41
254 36
255 1 7
256 37
257 3 45
258 11 34
259 20 21 25 3
260 46 8
261 49 9
262 50 8
263 7
264 8
265 17 22 40
266 18 4
267 11
268 12 16
269 27 37
270 11 27
271 17
272 45
273 46
274 30
275 2
276 26
277 14 4 49
278 32 49
279 14
280 14 49
281 18 23
282 32 4 49
283 18 37 8
284 1 20 28
285 37
286 18
287 15
288 38 45 8
289 12
290 38 42
291 30
292 18 23
293 45 47
294 1
295 13
296 19
297 44
298 13
299 36 40 7
300 21
301 14
302 48
303 41 48
304 12 16 23 38
305 30
306 48
307 33
308 18
309 49
310 46
311 7
312 36
313 14
314 15 45
315 42
316 14 48
317 14
318 17
319 7
320 1 7
321 18 19 34
322 32
323 41
324 30
325 37
326 37
327 33
328 37
329 38
330 37
331 22 37
332 37
333 11 37
334 26
335 41 44
336 47
337 41
338 38
339 34
340 19
341 40
342 28
343 40
344 40 7
345 40
346 14 34 40 46 9
347 14 46
348 40
349 26
350 26 48
351 12 42
352 46
353 25
354 40
355 14
356 2
357 38
358 37 41
359 12
360 20 24 27
361 47
362 10
363 12 16 50
364 41
365 23
366 4
367 38
368 28
369 21 25 27
370 20 26 34 47 48
371 36
372 28 39
373 26
374 17
375 19
376 14 49
377 3 42
378 5
379 11 13 24
380 18 27 30 50
381 24
382 19
383 24 32 4
384 15 35 38 42 8
385 20 32
386 44
387 38 40
388 21
389 23 45 50
390 1
391 18 21 25 43
392 35 8
393 17 3
394 32
395 3
396 47
397 13
398 42
399 15 3
400 44
401 11 50
402 42
403 2
404 14 49
405 33
406 32
407 38
408 19
409 15
410 38 46
411 21 48
412 12 42
413 17
414 17
415 38 46
416 18 32
417 12 9
418 7
419 19 45 8
420 46
421 18 45
422 24 27 46
423 17 18 34 44
424 4
425 46
426 33 4
427 28 32 48
428 19 33
429 12 38 42
430 43
431 46
432 49
433 29
434 45 46
435 1
436 11 30
437 26 8
438 32
439 32
440 32
441 34 47
442 32
443 23
444 30
445 3
446 10 20 48
447 11 24 42
448 28 32 4
449 3
450 13
451 13 24
452 13
453 26
454 18 23 44
455 18
456 4
457 4
458 18 48
459 18
460 43
461 45
462 11 17 22 33 37 43
463 24 3 43
464 40
465 21
466 11
467 7
468 27 37
469 7
470 18 45 9
471 14
472 38
473 7
474 36
475 33
476 11 37 50
477 18 30
478 13 24
479 33
480 28
481 40
482 36
483 40 7
484 11
485 18 46
486 14 49
487 4 49
488 18
489 11 26 27
490 42
491 28
492 17
493 34 40
494 30
495 33 45 50
496 50
497 27 30 50
498 18 21 23 30 34
499 4
500 14 20 36 49
501 17
502 26
503 26
504 46
505 42 49
506 38
507 20 48
508 27
509 12
510 11
511 40
512 14
513 13 17
514 15
515 19
516 36
517 16 26
518 31 8
519 18
520 27
521 47
522 41
523 45
524 16
525 31 50
526 15 21 25
527 12 16
528 50
529 4
530 12 18
531 11 24 27 40 46
532 43
533 45
534 24
535 24
536 3
537 13
538 13
539 6 9
540 3
541 32
542 4
543 37
544 15 43
545 42
546 45
547 47
548 14
549 13 24
550 7
551 46
552 26
553 27 34 47
554 15 21 3 35
555 14
556 19
557 4 49
558 11
559 16
560 16 23 34
561 11
562 3
563 11
564 46
565 18
566 14 32
567 28
568 12 19 30
569 11
570 18
571 19
572 7
573 14
574 26 50
575 50
576 28
577 17 23 30 38 43
578 12 13
579 32
580 3
581 18
582 14
583 11 20 37
584 8
585 21 35
586 14 36 49
587 11 23
588 4
589 11 28
590 21 3 35
591 21 25 35 48
592 30
593 46
594 45 8
595 21 25
596 13
597 14
598 48 8
599 4
600 15
601 38 42
602 45
603 48
604 30 40 46
605 10 38 8
606 40
607 38
608 38 50
609 39
610 12 27 29
611 19 40
612 40
613 38
614 11 38 40
615 19
616 38 46 8
617 38
618 42
619 34 50
620 21
621 26 45
622 11
623 14
624 20 30
625 3
626 48
627 25
628 20
629 26 45 8
630 41
631 40
632 14
633 41
634 17 39
635 20 28
636 20 26 3
637 38 40 46
638 15 21 23 3 45
639 23 3
640 3
641 3 32 33 4
642 33
643 33
644 37
645 50
646 17 31 38 44
647 45
648 32
649 48
650 12 16
651 41 44 48
652 28
653 32
654 28
655 3
656 18 26 38
657 22
658 41
659 8
660 10 12 16 6
661 29
662 11
663 45
664 17 21 34 35 45
665 42
666 45
667 46
668 21 25
669 32 49
670 43
671 4 41
672 15 35
673 14
674 10 15 23 34 38 42 45 50 8
675 23 45 7 8
676 30 32
677 40 7
678 49
679 32
680 47
681 21
682 14
683 16
684 3
685 49
686 17
687 12 16 17
688 18 23
689 17
690 44
691 11
692 47
693 9
694 8
695 10
696 17 27 32 49
697 49
698 15 23 38
699 15
700 27
701 45
702 3 48
703 30 37
704 32
705 28
706 38 42
707 36
708 33
709 28 40
710 28 32
711 15 45
712 18
713 45
714 36
715 45
716 19
717 38
718 26
719 14 37 43
720 17
721 21
722 27
723 19
724 16
725 26
726 20 32
727 20 4 49
728 20 32 39
729 38 40
730 20 32 47
731 38
732 13 24
733 14
734 38
735 46
736 38
737 23
738 12
739 12 17 34 38
740 17
741 10 23
742 7
743 33
744 14
745 16
746 7
747 11 13 18 24 27 37 43 50
748 17
749 18
750 47
751 11 44
752 27
753 21 46
754 12 16 20 28 49
755 21 25
756 12
757 17
758 16 40
759 48
760 4
761 34
762 45 47
763 14 4 49
764 11
765 45
766 18
767 38
768 40 46
769 29 47
770 19
771 34
772 38
773 19
774 11 27 37 50
775 27 37
776 32 50
777 37 40
778 19
779 7
780 36 46
781 37
782 4
783 11 37
784 34 41
785 41
786 15 42
787 19 44
788 11
789 37
790 27
791 38 40
792 20 47
793 48
794 42
795 19 20 23 48
796 48
797 46
798 16 46
799 48
800 34 47
801 50 8
802 48
803 34 36
804 14 33
805 42
806 26
807 11 17 20 50
808 26 50
809 12 19 20 34 48
810 1
811 19
812 5
813 16
814 11 20 27 5
815 11
816 17 36
817 16
818 44
819 42
820 45 8
821 6 9
822 42
823 2 32 49 6
824 49
825 49
826 12
827 24 38
828 3
829 17 23
830 7
831 34
832 38
833 32 4 49
834 32 4 49
835 12 16
836 49
837 38
838 14
839 32
840 4
841 38
842 21 25
843 6
844 12
845 47
846 14
847 12
848 12 16
849 18
850 37
851 32
852 11 50
853 13
854 16 18
855 34
856 40
857 49
858 42
859 41
860 13 26
861 4
862 44
863 20
864 11 20
865 19 37
866 2 33
867 18
868 4
869 47
870 21 23 25
871 24 27
872 20 44
873 13 24 27 40
874 11 17
875 7
876 44
877 12 15 17 23 32 39 4 42 49 6
878 11 20 27 30 34 47
879 13 24 50
880 4 49
881 12 16
882 12
883 21
884 19 34 47
885 3
886 45
887 40
888 18 20 21 25
889 14
890 50
891 11 26 34 47
892 3
893 30
894 17 26 31 38
895 12 33
896 45
897 48
898 27
899 37
900 19 42
901 15 18 19 20 23 30 43 7
902 11 17 34
903 11 13 24
904 15 21 23 28 3
905 49
906 32
907 20 30
908 37
909 15
910 11
911 21
912 48
913 3
914 32
915 38 46
916 26
917 30
918 19 39
919 50
920 40 46
921 26
922 19 20 22 47 50
923 25
924 14 49
925 10 17 30 8
926 16 18 36
927 49
928 17 23
929 34 42 47
930 26
931 1 45 8
932 34 47
933 7
934 30
935 39
936 19 34
937 47
938 42
939 26
940 46
941 49
942 47
943 23
944 47 50
945 44
946 28
947 46
948 18 30
949 19
950 32 4
951 7
952 15
953 14
954 28
955 44
956 29
957 38 42
958 12 39
959 26
960 19
961 30
962 9
963 32
964 9
965 23 34
966 16 20 32 33 50
967 37 45
968 49 5
969 34 47
970 45 5
971 44
972 14 46
973 20 28 48
974 38
975 36 48
976 40
977 17
978 16
979 34 38
980 20 43 47
981 10
982 27
983 10 18 3 35 38 40 49
984 2 50 6
985 3 43 50 7
986 18 24
987 11 29 42
988 38 42 43
989 42
990 23
991 39
992 20
993 16 45 8
994 11 13 37
995 36
996 12
997 8
998 17
999 18
1000 27
1001 11 20 34
1002 15 23 26
1003 40 47
1004 28
1005 17
1006 37
1007 32
1008 14
1009 14
1010 33
1011 35
1012 14
1013 33
1014 19
1015 27 37
1016 17
1017 26 44
1018 33
1019 41 7
1020 50
1021 37
1022 32 39 4 48 49
1023 37
1024 11
1025 7
1026 21 48
1027 30 32 43 48
1028 30 37
1029 37
1030 18 40 45
1031 33
1032 3
1033 46
1034 15
1035 46
1036 3 35
1037 17
1038 40
1039 18
1040 19
1041 16 46
1042 18
1043 18
1044 11 27 37 47
1045 7
1046 19
1047 50
1048 33
1049 47
1050 22
1051 40
1052 12 16 20 28
1053 37
1054 14 36 4 49
1055 20 48
1056 6
1057 2
1058 1
1059 14
1060 12
1061 15
1062 11
1063 20
1064 50
1065 26
1066 40
1067 26
1068 12 40
1069 39
1070 40
1071 14 7
1072 4
1073 19
1074 17 27 50
1075 21
1076 32 4 49
1077 32
1078 33
1079 36 43
1080 20 32 47
1081 20 32
1082 32
1083 20
1084 30
1085 36
1086 45
1087 24 32
1088 11 24 27 50
1089 14
1090 34 47
1091 18
1092 21 25 45
1093 28
1094 36
1095 47
1096 36 46
1097 40
1098 41
1099 48
1100 19
1101 19
1102 32 39 4 49
1103 32 4 49
1104 32 38 4
1105 23 43
1106 20 32 4 49
1107 4 49
1108 20 32 39 4
1109 45
1110 46
1111 46
1112 28 32
1113 11 26
1114 23 26
1115 4
1116 38
1117 8
1118 49
1119 29 35 38 43
1120 12 16
1121 40
1122 7
1123 11
1124 49
1125 10
1126 33 4
1127 36
1128 36
1129 10 43
1130 14
1131 40
1132 40
1133 13
1134 26
1135 49
1136 26
1137 19
1138 21 35 48
1139 17 23 38 40 43
1140 19 32
1141 20 4 49
1142 24 29 40
1143 12 16 29
1144 18 40
1145 49
1146 14 46 9
1147 14 42
1148 21
1149 4 49
1150 39
1151 7
1152 46
1153 34
1154 27
1155 33
1156 49
1157 28
1158 13 24
1159 32 4
1160 45
1161 32 37
1162 7
1163 21 34 49 50
1164 24 27
1165 13 50
1166 46
1167 28
1168 12 14 16 17 48
1169 50
1170 15
1171 26
1172 19
1173 3 46
1174 47
1175 18 23
1176 19
1177 42 45 8
1178 42
1179 45
1180 12 16 20 41
1181 12 16 20
1182 41
1183 15 34 47
1184 10 12 23
1185 38
1186 34
1187 28
1188 36
1189 7
1190 7
1191 12
1192 19
1193 11
1194 14 28 49
1195 34 40
1196 7
1197 7
1198 15 18 23 26 40
1199 37
1200 19
1201 14 36 4 49
1202 45
1203 14 9
1204 45 8
1205 14 50
1206 15 23 34 42 45 8
1207 15
1208 32
1209 20 4
1210 8
1211 45 50 8
1212 4
1213 28
1214 14
1215 29 34
1216 37
1217 28 32 39 4
1218 28
1219 3 34 41 46 47 48
1220 49 7
1221 12 16 7
1222 14 4 49
1223 14
1224 23
1225 23
1226 42
1227 18 23 34 43 47
1228 27 44
1229 14
1230 15 18 23 40
1231 7
1232 20 23 30 43 48
1233 11
1234 5
1235 28
1236 36
1237 17
1238 8
1239 20 32
1240 17 3 38
1241 11 19 37
1242 17
1243 11
1244 30 41
1245 12 16
1246 12 16 47
1247 24
1248 10 48
1249 20
1250 20 28 34 45 47
1251 10
1252 11
1253 32
1254 36
1255 45
1256 12 16
1257 30 43
1258 16 20 29 35 8
1259 32 37
1260 18
1261 11 12 16 20 29
1262 32
1263 15 35 43
1264 20
1265 13 20 24 27 44
1266 50
1267 12 16
1268 28 41
1269 11
1270 35 7 9
1271 34
1272 29
1273 26 35
1274 30
1275 20 28 32 39
1276 13
1277 36
1278 19 37
1279 21 47
1280 10 12 16
1281 40
1282 12 19
1283 37
1284 46 7
1285 26
1286 26
1287 12
1288 11
1289 19
1290 18 50
1291 14
1292 40
1293 36
1294 28 30 4 49
1295 27 32 4 49
1296 41
1297 17
1298 38
1299 21
1300 18 3 43
1301 38 46
1302 33
1303 47
1304 47
1305 38 46
1306 37
1307 46
1308 46
1309 4
1310 11 28 44
1311 20 42 46 48
1312 37
1313 38 42
1314 40
1315 34
1316 3
1317 21 26 45 50 8
1318 18 40
1319 16
1320 15 43 45
1321 19 30 38 40
1322 2 40 43 6
1323 7
1324 25
1325 30 50
1326 12 16
1327 50
1328 46
1329 35 45 48
1330 28 34 47
1331 30 36
1332 12 16 17 20 28
1333 20 41
1334 12 28 34 40 47
1335 14
1336 17 44
1337 23 42
1338 32
1339 4
1340 18
1341 28
1342 12 41 43
1343 32 37
1344 20 30
1345 37
1346 32 39
1347 21
1348 4
1349 14 42
1350 7
1351 14
1352 48
1353 15 17 25
1354 17 21
1355 15
1356 46
1357 20
1358 20
1359 11 13 15 23 41
1360 37
1361 19
1362 32
1363 32
1364 19
1365 41
1366 27 37
1367 34
1368 31 38
1369 14
1370 38 46
1371 37
1372 42
1373 1
1374 14 46 9
1375 32
1376 26 46
1377 32
1378 33 4
1379 45
1380 11 20 27 45 47
1381 40
1382 19
1383 20
1384 14
1385 19 45
1386 11
1387 19
1388 26
1389 33
1390 32 39
1391 27 50
1392 18 33 40
1393 5
1394 20 34 47
1395 11 4
1396 3 44 48
1397 26 40 46
1398 12
1399 19
1400 7
1401 14
1402 34 47
1403 12 16
1404 20 28 48
1405 13 18 20 43
1406 19
1407 30 33
1408 26
1409 46
1410 49
1411 12 16
1412 4
1413 44
1414 26 36 45
1415 32
1416 13
1417 34 47
1418 20
1419 11 17 50
1420 40
1421 23 34 38 42
1422 20 29 43
1423 32
1424 15 21 23 25 30 35 43 45
1425 40
1426 18
1427 17
1428 15
1429 12 16 23 30 35
1430 50
1431 1
1432 19
1433 23
1434 23
1435 28
1436 40
1437 13 24 27 47 50
1438 14
1439 4
1440 33
1441 11 27
1442 26
1443 12 16
1444 29
1445 14 49
1446 19
1447 46
1448 36
1449 34 41 47
1450 1
1451 14
1452 11
1453 33
1454 14
1455 12 16
1456 40
1457 32 39
1458 20 29 43
1459 17
1460 40
1461 16
1462 33 4
1463 17
1464 46
1465 47
1466 23
1467 46
1468 19
1469 3 43 45 8
1470 36 4 49
1471 19
1472 13 24
1473 17
1474 33
1475 3
1476 9
1477 46
1478 7
1479 30
1480 13 18 42
1481 3
1482 15 23 31 45 8
1483 28
1484 16 4
1485 4
1486 28
1487 16 17
1488 31 43 46
1489 13
1490 18
1491 50 8
1492 36
1493 7
1494 26
1495 14
1496 20 32 40
1497 14
1498 17 21 30 43 45
1499 21 43 45
1500 18 21 25 43 45
1501 43
1502 34 47
1503 23
1504 32 39
1505 34 43 47 50
1506 40 50
1507 41
1508 50
1509 7
1510 26
1511 20 28
1512 33
1513 27 38
1514 13 50
1515 12 16
1516 7
1517 32 49
1518 2
1519 13 29
1520 20 28 37
1521 49
1522 43 5
1523 23 26
1524 40
1525 40 7
1526 46
1527 37
1528 22 40 50
1529 26 43 45 8
1530 32 39
1531 37
1532 46
1533 50
1534 12 16
1535 17 24 26 30
1536 3
1537 37
1538 4
1539 37
1540 11
1541 16 38 45 8
1542 43
1543 21 45
1544 33
1545 3
1546 46
1547 18
1548 21 3 45
1549 18 20
1550 45
1551 3 45
1552 46
1553 19
1554 19 27
1555 44
1556 18 33 4 6
1557 45
1558 24
1559 33
1560 14 16 24 4 43 49
1561 19 49
1562 19
1563 11
1564 30
1565 37
1566 22
1567 36 4 49
1568 18 30
1569 11 4 49
1570 30 50
1571 8
1572 20 32 39
1573 47
1574 30
1575 41 48
1576 34 38 43
1577 19
1578 49
1579 30 43
1580 43 47
1581 26
1582 26
1583 28
1584 10 18 20 23 26 34
1585 38
1586 14
1587 19
1588 18
1589 49
1590 40
1591 7
1592 38 8
1593 12 16
1594 7
1595 30
1596 50
1597 49
1598 14
1599 8
1600 23 34 47
1601 3
1602 32
1603 3 32
1604 12
1605 42
1606 3 32
1607 32
1608 36
1609 14 23 49
1610 15 17 18
1611 32 4 49
1612 10
1613 48
1614 10 23 42 49
1615 37
1616 12 16 7
1617 12 7
1618 12 16 44
1619 14
1620 42
1621 19
1622 37
1623 37
1624 12 39 44
1625 37
1626 11 26
1627 42
1628 34 5
1629 21 25
1630 42 46 48
1631 30
1632 32
1633 30
1634 20
1635 21 25 27
1636 21 25
1637 18
1638 15
1639 11 24 27 29 37 50
1640 21 25 7
1641 47
1642 19
1643 21 25
1644 46
1645 3 45 7
1646 38 42
1647 23 46
1648 15 21 3
1649 16 38 46
1650 32
1651 49
1652 50
1653 33
1654 6
1655 21 25
1656 23
1657 37
1658 15 21 23 42
1659 23
1660 15 21 23 30
1661 20 48
1662 47
1663 34 40
1664 47
1665 40
1666 28
1667 29
1668 24
1669 22
1670 36
1671 37
1672 47
1673 37
1674 12 13 16
1675 13
1676 36
1677 4
1678 34
1679 37
1680 13 24 27
1681 2
1682 18
1683 13 24
1684 50
1685 24
1686 19 27
1687 18
1688 27 50
1689 17
1690 38
1691 12
1692 43 6
1693 14
1694 21 22 23 24 30 43
1695 44
1696 13 24 27
1697 11 13 22 24 41 43 47
1698 38
1699 24 27
1700 41
1701 32 4
1702 18
1703 46 49
1704 14
1705 19 50
1706 16
1707 43
1708 20 42
1709 18
1710 26
1711 46 7
1712 26
1713 12 17 42
1714 17 41 43
1715 30 38 7
1716 28 34 50
1717 12 16 38 50
1718 26 34 38 40 47
1719 1
1720 15
1721 42
1722 21
1723 37
1724 28
1725 26
1726 11 37
1727 11 27 37 47
1728 19
1729 20 29
1730 37
1731 21 26 45 8
1732 42
1733 16 49
1734 41
1735 26
1736 17
1737 36
1738 29 46 6
1739 45 46
1740 15 19
1741 15 44 45
1742 40
1743 7
1744 41
1745 17
1746 46
1747 14 49
1748 17 40
1749 12
1750 42
1751 7
1752 40 7
1753 18 30 34 35 43 50
1754 32 33 4
1755 6
1756 40
1757 16 29
1758 3
1759 6
1760 1
1761 37
1762 3 43
1763 3
1764 3
1765 19
1766 15 3
1767 22
1768 20 47
1769 20 37
1770 33
1771 19
1772 12
1773 32
1774 4
1775 16
1776 18 24 46 48
1777 30 36
1778 36
1779 49
1780 1
1781 11 13 19 22 24 50
1782 40
1783 41
1784 45
1785 43 45 8
1786 21 25 43
1787 21 37 43 45
1788 17 33
1789 17 49
1790 20 32
1791 21 25
1792 20 39 4
1793 27
1794 4
1795 15
1796 11
1797 50
1798 21 25 35
1799 21
1800 15 3
1801 8
1802 26
1803 7
1804 35 36
1805 44
1806 14 42 46
1807 11 27 37 47
1808 20 32 34 47
1809 36
1810 13
1811 11 37
1812 28 49
1813 8
1814 40
1815 41 47
1816 4
1817 33 4 49
1818 12
1819 7
1820 9
1821 19
1822 37
1823 33
1824 10 3 48
1825 33
1826 33
1827 33
1828 33
1829 27
1830 11 36 47
1831 10
1832 46
1833 34 4 42 43 48 49
1834 14 20 39 4 49
1835 44 9
1836 8
1837 24
1838 12 15 16 34 47
1839 3 34 41 44
1840 18 3 4
1841 10 17 30 34
1842 12 16 18 40
1843 34
1844 47
1845 32
1846 16 27
1847 11 23
1848 36 7
1849 4
1850 22 42
1851 23 3 49
1852 32
1853 41
1854 26
1855 41
1856 45
1857 45
1858 20 29 45 8
1859 43
1860 19
1861 45
1862 41
1863 21 3
1864 3
1865 15 38
1866 8
1867 36
1868 21
1869 25
1870 18 21
1871 3
1872 3
1873 49
1874 19
1875 41
1876 29 30
1877 11
1878 39
1879 7
1880 12
1881 10 42 43
1882 10
1883 33
1884 1
1885 12
1886 2
1887 21 23
1888 42 7
1889 50
1890 47
1891 15 20 50
1892 40
1893 10 13
1894 19
1895 23
1896 11
1897 12 16
1898 37
1899 37
1900 9
1901 2
1902 41
1903 45
1904 32 37
1905 36
1906 41
1907 28
1908 28 46
1909 13 21 24
1910 12 16
1911 42
1912 38
1913 28
1914 19 41 45 8
1915 4 47 49
1916 15
1917 32 39
1918 44
1919 29
1920 23 7
1921 1
1922 14 19
1923 17
1924 44
1925 17 20 23 29 34
1926 42
1927 42
1928 23
1929 13 24
1930 13
1931 13
1932 14
1933 24
1934 38
1935 28 32
1936 19
1937 4 49
1938 12 44
1939 7
1940 7
1941 20 29
1942 11
1943 1 26
1944 27
1945 19 43 44
1946 15
1947 14 43
1948 17 34
1949 33
1950 33
1951 7
1952 41
1953 14
1954 16 20 39 44
1955 9
1956 3
1957 27
1958 14 49
1959 12 43
1960 3 47
1961 27
1962 18
1963 22
1964 15 21 25 3 45
1965 7
1966 24 27
1967 17
1968 15 17
1969 17 50
1970 23 34 38
1971 12 16 38
1972 11 40
1973 34 42 47
1974 18 38 47
1975 26 38 46 8
1976 1
1977 35
1978 46
1979 6
1980 8
1981 32 4 44
1982 14
1983 34 40
1984 32
1985 38
1986 16
1987 35
1988 49
1989 49
1990 15 17 3
1991 15 17 21 26
1992 35
1993 15
1994 25
1995 45
1996 50
1997 3
1998 21 3
1999 11
2000 17 8
2001 50
2002 18 20
2003 11 34
2004 18 31 34
2005 49
2006 40
2007 23 34 42
2008 49
2009 2
2010 12
2011 23
2012 48
2013 16 23 39
2014 11 37
2015 27
2016 27 50
2017 37
2018 37
2019 11
2020 45 8
2021 8
2022 41
2023 26
2024 14 45
2025 14
2026 26 3
2027 18 4
2028 7
2029 50
2030 34
2031 15 23 7
2032 13 24 27
2033 49
2034 20 21 28 4
2035 7
2036 24 7
2037 47
2038 16 34 42 43
2039 43
2040 15 35
2041 21 3
2042 14 49
2043 3 7
2044 11 17 3 35 43
2045 41
2046 40
2047 13 26 50
2048 33
2049 30 50
2050 4
2051 4
2052 15 17 21 43
2053 19 22
2054 11
2055 42
2056 21 23 35
2057 40
2058 39
2059 12 16
2060 23
2061 34
2062 4 41
2063 47
2064 36
2065 50
2066 34 40 47
2067 20 46
2068 14
2069 14
2070 47
2071 45
2072 26
2073 11
2074 42
2075 36
2076 12
2077 16
2078 3
2079 3
2080 18 21 23 25 3 30 43
2081 16
2082 15 21 3
2083 33
2084 32 6
2085 28 30
2086 50
2087 36 5
2088 29
2089 34 47
2090 43
2091 14
2092 5
2093 18
2094 23 28 45
2095 23
2096 28 30
2097 20 38 47
2098 38 47
2099 47 49
2100 17 21 25 29 45
2101 39
2102 17
2103 21 25 45 8
2104 21 45 8
2105 38 42
2106 46
2107 38 8
2108 38 43 46 8
2109 38 8
2110 8
2111 45 8
2112 26 3 46 8
2113 14
2114 46
2115 38 40 42
2116 15 33 44
2117 24
2118 30 32
2119 14 4 49
2120 14 26
2121 34 38 46 47
2122 17
2123 21 3
2124 3
2125 3
2126 17
2127 44 7
2128 30
2129 32
2130 33
2131 38
2132 46
2133 19
2134 13
2135 37
2136 33
2137 17
2138 15 3
2139 46
2140 7
2141 40
2142 21 23 26
2143 4 49
2144 17
2145 20 36
2146 10 29 43 6
2147 15 8
2148 35 47
2149 41
2150 15 23 42
2151 12 40
2152 16 42
2153 14 49
2154 12 16 34
2155 3
2156 36
2157 30 45
2158 42
2159 19
2160 20 50
2161 4
2162 24
2163 4
2164 18 28
2165 30 7
2166 13 24 34
2167 26
2168 18 32
2169 30
2170 23
2171 48
2172 20 27 32 34 37 47
2173 47
2174 18
2175 33
2176 15 21 3 45
2177 26
2178 50
2179 4 49
2180 13 15 3 45 48
2181 21 25
2182 38
2183 18
2184 24
2185 13
2186 36
2187 11 30 37
2188 15 21 42
2189 45 46
2190 14
2191 7
2192 20 29 49
2193 19
2194 10 14
2195 32
2196 20
2197 2 38
2198 5
2199 11
2200 12 16
2201 29 49
2202 20
2203 21 32
2204 32
2205 21 25 26
2206 50
2207 46
2208 3 7
2209 21 25 45
2210 21 3 50
2211 38
2212 40 47
2213 33
2214 21 25
2215 22 40
2216 29
2217 14 26
2218 14
2219 31
2220 26 47
2221 7
2222 11
2223 20 45 8
2224 18
2225 26
2226 17 20 21
2227 16
2228 23
2229 35 50
2230 12 16 30 47
2231 12 16 44
2232 42 46
2233 21 25 45
2234 21
2235 17 21 3
2236 10
2237 40
2238 20
2239 12 16
2240 20 37
2241 41
2242 36
2243 21
2244 46
2245 43
2246 49
2247 14
2248 27
2249 17
2250 1
2251 36 50
2252 14
2253 43
2254 41
2255 18 21 25
2256 18 40 46
2257 28
2258 38 42 43
2259 20
2260 15 23 3 7
2261 3
2262 20 34
2263 22
2264 4
2265 14 4
2266 3 35
2267 32 39 4
2268 29
2269 6
2270 37
2271 33
2272 50
2273 20 30 41
2274 49
2275 24 4
2276 15
2277 19 49
2278 49
2279 32 4
2280 12 16 2 23 43 44 49
2281 45 8
2282 7
2283 11
2284 2 23 29 31 6
2285 17 18
2286 17
2287 3
2288 21 25 3
2289 8
2290 32 49
2291 36
2292 16 45
2293 18 27
2294 29
2295 45
2296 32
2297 26
2298 20 34
2299 45
2300 24 32 49
2301 27 37 50
2302 14
2303 26 3 34
2304 23 50 9
2305 26
2306 19
2307 47
2308 17 19
2309 3 50 8
2310 7
2311 33
2312 11 19
2313 14
2314 14 30 43
2315 39 4
2316 12
2317 14 49
2318 14
2319 16 27 50
2320 22 27
2321 11 23
2322 43
2323 16
2324 16 31
2325 40 6
2326 45
2327 33
2328 34
2329 42
2330 47
2331 12
2332 50
2333 25
2334 26 35
2335 13 24 50
2336 30 34 38 43 47
2337 17 27 34 40
2338 27
2339 10 26
2340 20 34 47
2341 16
2342 22 30
2343 26
2344 32 4 49
2345 14
2346 4 49
2347 30
2348 23
2349 19 44
2350 40
2351 45 46 48
2352 38
2353 21 22 34 47
2354 37
2355 13 40
2356 11 20 34
2357 17
2358 26 36 44
2359 50
2360 24
2361 14 46 5
2362 3 43 48
2363 45 5
2364 11 27
2365 18 33
2366 13
2367 24
2368 12 16 34
2369 42
2370 31
2371 36
2372 26
2373 26 6
2374 15
2375 29 46
2376 3 33
2377 20 29
2378 27 37
2379 19 36
2380 15 21 23 3 30 46
2381 17
2382 46
2383 12 43
2384 16
2385 50
2386 49
2387 45
2388 32
2389 33
2390 23
2391 40
2392 7
2393 13
2394 19 21 26
2395 11 50
2396 14 38 41
2397 19 34 43
2398 41
2399 25 30
2400 40
2401 46
2402 33 4
2403 47
2404 21 25
2405 36
2406 40
2407 18
2408 11 19
2409 12
2410 46
2411 17
2412 3
2413 21
2414 12
2415 30 37 50
2416 12 15
2417 4 49
2418 17 18 21 3 35
2419 6
2420 12 2 23
2421 48
2422 34
2423 31 38 46 47
2424 15
2425 15 17 23 34
2426 41
2427 38
2428 13
2429 50
2430 11
2431 35
2432 17 23 34 45 8
2433 19
2434 11 34
2435 16 23 44 7
2436 7
2437 38 40
2438 19 20
2439 40
2440 19
2441 7
2442 50
2443 16 26
2444 15 42 47
2445 16 38
2446 20 48
2447 4
2448 26
2449 41 48
2450 48
2451 46
2452 11
2453 39
2454 20 4
2455 23 44
2456 15 3
2457 34
2458 27 29 47
2459 21 25
2460 34 36 47
2461 15 20 23 29 42
2462 28
2463 29
2464 18
2465 18 37
2466 14 40 43
2467 4
2468 32
2469 4
2470 34 47
2471 38 6
2472 2
2473 18
2474 2 6
2475 11
2476 19
2477 17 26
2478 37
2479 27 30 50
2480 4
2481 50
2482 49
2483 20 34 42 47 9
2484 18
2485 14
2486 32
2487 15
2488 40
2489 20 32
2490 20 21 25
2491 32
2492 37
2493 32
2494 21 32
2495 32
2496 17
2497 19
2498 11 32 37
2499 10
2500 38
2501 44
2502 45
2503 13 24 27
2504 47
2505 36
2506 27 37 47
2507 17
2508 15 25
2509 38 40 8
2510 28
2511 11 27
2512 35
2513 11
2514 42
2515 11 16 43
2516 26
2517 11
2518 19 33
2519 16 18 50
2520 12 16 30
2521 19
2522 23
2523 4
2524 18
2525 49
2526 10
2527 16
2528 32 33
2529 17
2530 14 49
2531 14 49
2532 37
2533 12 16
2534 12 16
2535 18 7
2536 50
2537 21 35
2538 5
2539 18
2540 14
2541 14
2542 32 4
2543 26
2544 50
2545 49
2546 8
2547 11 37
2548 17
2549 16 47
2550 16
2551 35
2552 38
2553 37
2554 11
2555 15 17
2556 27 29
2557 15
2558 46
2559 26 46 50
2560 13
2561 48 49
2562 18 23 34 35 38 43
2563 10 22 23 30
2564 39
2565 16 23 30 43
2566 32
2567 13 15 50
2568 40
2569 41
2570 12 16 17 23 35 38 43 47
2571 25 3
2572 15 17
2573 12 16
2574 25
2575 21
2576 3
2577 11 16 37
2578 37
2579 3 32
2580 32
2581 42 44
2582 11
2583 20 32 43
2584 17
2585 13 24
2586 24 27
2587 14 15 3
2588 47
2589 18 32 33 4
2590 13
2591 25 3
2592 49
2593 38
2594 15
2595 47
2596 11 27
2597 13
2598 11 27 37
2599 26 34 44
2600 28 32 39 4 49
2601 23
2602 38 42
2603 21 25
2604 21 25
2605 27
2606 21 23 25
2607 21 28
2608 27 50
2609 21 25
2610 14 46
2611 14 19
2612 4
2613 20 22 26 34 47
2614 29 46
2615 37
2616 30
2617 29
2618 21 25 7
2619 19
2620 46
2621 32 49
2622 3
2623 36
2624 17 18 26 3 31 43 6
2625 17 18 19 3 30 44
2626 17 30 4
2627 20 49
2628 50
2629 27 37
2630 15
2631 38
2632 4 49
2633 44 47
2634 11 23 34
2635 20 3
2636 34
2637 40
2638 18 50
2639 26
2640 46
2641 16
2642 32
2643 44
2644 7
2645 4
2646 13 24
2647 4
2648 7
2649 20 33
2650 14
2651 33
2652 3 31 35 8
2653 11
2654 33 46
2655 27
2656 16 17 19 26 27 30 45 50
2657 4
2658 44
2659 19
2660 4 49
2661 24 27
2662 33
2663 38 40
2664 19
2665 43
2666 33
2667 21
2668 46
2669 20 45
2670 21 49 9
2671 47
2672 18 50
2673 46
2674 19 27
2675 40
2676 40 8
2677 43
2678 50
2679 37
2680 28
2681 33
2682 14 4 49
2683 7
2684 18
2685 27 50
2686 3 4 43 5
2687 36
2688 21 3
2689 30
2690 3
2691 30
2692 38
2693 48
2694 18
2695 47 50
2696 18
2697 40
2698 29
2699 19 27
2700 17 23 35
2701 37
2702 37
2703 46
2704 43
2705 11
2706 11 14
2707 40
2708 38 47
2709 41
2710 42
2711 40
2712 40
2713 18
2714 30
2715 12 40
2716 48
2717 33 47
2718 12
2719 17
2720 29
2721 36 40
2722 28
2723 37 47 50
2724 45
2725 40 44
2726 29 45
2727 21 25
2728 29 43 45
2729 35
2730 43 8
2731 34 42
2732 45
2733 14
2734 4
2735 2 7
2736 17 42
2737 15 21 23 33
2738 44
2739 22
2740 45
2741 17
2742 14
2743 5
2744 24
2745 17
2746 38
2747 11
2748 23 28 31 34 38 47 9
2749 1 18
2750 34
2751 46
2752 12 16
2753 46
2754 12 16 35
2755 40 46 7
2756 36
2757 19
2758 12 13 16 24
2759 19 37
2760 28
2761 22
2762 50
2763 32
2764 31 38 43
2765 18
2766 15 3 30 45 5
2767 27 34 36 47
2768 31 42 46
2769 18
2770 37
2771 15 38
2772 35 48
2773 46
2774 33
2775 39
2776 43
2777 3 46
2778 7
2779 23 38
2780 11 37
2781 3
2782 15 21 23 35
2783 15 21 25 3 38
2784 15 23 3 43
2785 15 17 23
2786 28 44
2787 4 49
2788 32
2789 18 31
2790 50
2791 26
2792 36
2793 19 47
2794 11
2795 21 25
2796 29
2797 17
2798 21
2799 33 4 49
2800 18 20 29 48
2801 18
2802 20 4
2803 41 47
2804 32
2805 19
2806 4 49
2807 36 49
2808 17
2809 12 16 18 23 30 34
2810 14
2811 15 21
2812 23 30
2813 23 34
2814 20 4 46
2815 23 28
2816 46
2817 23
2818 32
2819 7
2820 16 44
2821 47
2822 36
2823 3
2824 28
2825 45
2826 15
2827 14
2828 32 50
2829 42
2830 15 18
2831 11 27 37
2832 17 38
2833 49
2834 14 3 48
2835 15
2836 47
2837 14 49
2838 49
2839 34 47
2840 11 37
2841 23 7
2842 49
2843 36
2844 50
2845 21
2846 25
2847 17
2848 34
2849 2 6
2850 7
2851 27 37
2852 20 34 48
2853 7
2854 29 34 47
2855 42
2856 17
2857 11
2858 26 43 44
2859 15 21 23 30 43 50
2860 26
2861 1 34
2862 50
2863 15 2
2864 44
2865 38 6
2866 4 49
2867 32
2868 50
2869 12
2870 16 34 40
2871 19
2872 9
2873 37
2874 12
2875 46
2876 13 20 24 27 29 44
2877 11 27 37
2878 27 37
2879 8
2880 42
2881 3
2882 12 16
2883 38
2884 44
2885 21
2886 11 27 46
2887 45 6
2888 20 28
2889 14 2 38 42 49
2890 18 2 40 6
2891 12 17
2892 46
2893 33
2894 50
2895 46 7
2896 17 26
2897 32
2898 40 46
2899 49
2900 20
2901 48
2902 46
2903 35 47
2904 34 46 47
2905 14
2906 12 16 30
2907 19
2908 18 46
2909 17 31 35
2910 26
2911 15 35 50
2912 15 23 26 3 35 43
2913 15 18 23 43
2914 3
2915 27 49
2916 12
2917 17 3 35
2918 3
2919 21 25
2920 11 40
2921 22
2922 49
2923 17
2924 16 36 43 7
2925 16
2926 26 3
2927 11 19 45 8
2928 23 35 38 45
2929 35
2930 14 49
2931 45 8
2932 21 45 8
2933 3
2934 21 23 26 34 38 45
2935 26 43
2936 21 23
2937 23 3 35 43
2938 41
2939 46
2940 18
2941 41
2942 33
2943 46
2944 21 25
2945 16
2946 48
2947 14 49
2948 14 4 49
2949 50
2950 12 17
2951 11 27 37
2952 32
2953 27 3
2954 28
2955 26
2956 38 42
2957 11 37
2958 33 8
2959 27 42
2960 23
2961 12 16 17 34
2962 43
2963 17 43
2964 15 30 38 45 8
2965 45
2966 45
2967 19 20
2968 4
2969 4 43
2970 4 49
2971 7
2972 11 27 45
2973 20 34 37
2974 36
2975 46
2976 41
2977 4
2978 44
2979 22
2980 47
2981 18
2982 50
2983 9
2984 23 34
2985 26 34
2986 49
2987 40
2988 15 18 23
2989 14 21
2990 11 37
2991 19 20 28 30
2992 13 7
2993 16
2994 12
2995 2
2996 45
2997 21 35
2998 30
2999 14 15 41
3000 16 21 3
3001 21 25
3002 14 4 49
3003 18 7
3004 37
3005 43
3006 3 48
3007 2 34 42
3008 16 42
3009 36 48
3010 20 48
3011 24 27 30 37
3012 27 37
3013 19
3014 48
3015 28
3016 11 32 37
3017 15
3018 29
3019 15 21 3 49
3020 12 16 19 50
3021 50
3022 18
3023 38 46 8
3024 18
3025 17 20 34 39 47
3026 33
3027 46
3028 34
3029 13 24
3030 17
3031 11
3032 13 8
3033 11
3034 45
3035 10 43
3036 23 26 43
3037 17 38
3038 14 4 49
3039 15 18 20 21 23 34 4 40 43 48
3040 3
3041 28
3042 12
3043 21 38 46
3044 12
3045 32
3046 32 37
3047 37 43
3048 14 46
3049 40 42
3050 32 36 37
3051 9
3052 28
3053 11 47
3054 41
3055 45 8
3056 27 44
3057 18 21 50
3058 37
3059 26
3060 32
3061 26 50
3062 34
3063 14
3064 49
3065 20 41
3066 10 15 23 3 35
3067 18
3068 30
3069 42
3070 6
3071 7
3072 27
3073 7
3074 38
3075 36
3076 11
3077 50
3078 37
3079 26
3080 20 42 44 46
3081 46
3082 1
3083 19
3084 8
3085 24
3086 7
3087 11 37
3088 13 19 22
3089 29 34
3090 21 25
3091 34
3092 21 3
3093 23 45
3094 37
3095 17
3096 11 32 37
3097 33
3098 26 36
3099 44
3100 16 49
3101 46
3102 15 21 25
3103 17 50
3104 14
3105 42
3106 28
3107 36
3108 7
3109 48
3110 3
3111 50
3112 20
3113 21 25
3114 12 16
3115 12 16
3116 37
3117 11 27 40 45 50
3118 11 12 16 34
3119 30
3120 16
3121 20
3122 21 3 46
3123 27
3124 3
3125 23 3 7
3126 14
3127 50
3128 12
3129 10
3130 20
3131 15 19 46
3132 23
3133 33 37
3134 50
3135 20
3136 41
3137 26 46 8
3138 12 16
3139 33
3140 21
3141 26
3142 24 36
3143 14
3144 40 8
3145 19 27 30
3146 45
3147 15 34 42 47
3148 5 7
3149 5
3150 37
3151 11 37
3152 37
3153 21
3154 16
3155 19 7
3156 20
3157 4 49
3158 21
3159 7
3160 28 3 32 39
3161 13 19
3162 36
3163 14
3164 30
3165 36
3166 13 50
3167 12 16 50
3168 36
3169 27 37
3170 39
3171 33
3172 41
3173 30
3174 17
3175 19 50
3176 11 27 37
3177 39
3178 16 47
3179 11 28
3180 4
3181 17 35
3182 15 17 21 3 5
3183 26 3 35 48 5
3184 15 17 21 25 3 35
3185 33 41
3186 3 48
3187 15 21 23 3 30 34 35 38 43 45
3188 49
3189 8
3190 1
3191 30 31 38
3192 15
3193 22
3194 17 39
3195 20 29 39 50
3196 19 34 47
3197 14
3198 28 43
3199 32
3200 46
3201 37 45
3202 2
3203 39
3204 24 43
3205 19 34 42
3206 4
3207 33
3208 26 40
3209 40
3210 40 45 46
3211 40 46
3212 18
3213 15 21 23
3214 15 17 26 35
3215 35 48 50
3216 18 40
3217 16 40
3218 36 7
3219 40
3220 47
3221 1 34
3222 14
3223 46
3224 34 7
3225 47
3226 30
3227 18
3228 15 3
3229 12 13 24
3230 27
3231 14
3232 27 37
3233 19
3234 44
3235 4 49 7
3236 18 37 43
3237 45 46 8
3238 12 16
3239 40
3240 17 21
3241 46
3242 49
3243 20 27 29 44
3244 20 29 44
3245 24 27
3246 34 38 43 47
3247 4 49
3248 16 27 8
3249 3
3250 17 23 26 35
3251 4
3252 15 17 23 25 3 35
3253 42 46 49
3254 17 21 26 3 50
3255 10 42
3256 11 37
3257 10
3258 10 16 23 26 38 50
3259 23 26
3260 42 49
3261 21 35
3262 4
3263 12
3264 39
3265 21
3266 46
3267 37
3268 16 37
3269 37
3270 11 20 34
3271 33
3272 14
3273 36
3274 7
3275 40
3276 20
3277 47
3278 40
3279 20
3280 17 6 9
3281 45
3282 10 42
3283 46
3284 26
3285 33
3286 10 17 18 23 26 30 43
3287 22
3288 15 23
3289 26
3290 27 44 7
3291 10 17
3292 14
3293 40
3294 27 50
3295 50
3296 33
3297 15 45 48
3298 38
3299 33
3300 48
3301 9
3302 46
3303 12 16 44
3304 19
3305 26
3306 40
3307 18 7 8
3308 46
3309 4
3310 46
3311 14 46
3312 4
3313 18
3314 26
3315 7
3316 14
3317 23 44
3318 19
3319 17
3320 11 12 16 40
3321 18 34 47
3322 32 39
3323 4
3324 32
3325 32
3326 32
3327 14 46
3328 19
3329 11
3330 7
3331 33
3332 43
3333 14 4 49
3334 1 19
3335 48
3336 3
3337 42
3338 20 22 47
3339 14 28
3340 33
3341 10 14
3342 15 17 18 23 26 3
3343 33 4
3344 27 32
3345 23
3346 19
3347 21
3348 34
3349 12 18 3
3350 15 23 26 3 38
3351 15 17 21 23 25 26 35
3352 17
3353 44
3354 41
3355 34
3356 21 25 3 44
3357 37
3358 38
3359 11
3360 22 37
3361 38 45 8
3362 37
3363 11 37
3364 10
3365 37
3366 37
3367 19
3368 30
3369 37
3370 34
3371 25
3372 37
3373 32 50
3374 33
3375 18 31 6
3376 12 16 21 3 45
3377 16
3378 13 50
3379 35
3380 48
3381 46
3382 50
3383 12
3384 7
3385 15 17 18 26
3386 19
3387 26 36
3388 4 47 49
3389 46
3390 32 4
3391 17 38 47
3392 38 40
3393 34 50
3394 22
3395 38
3396 24
3397 4 43 49
3398 30
3399 14 19 49
3400 16 32 4 49
3401 16 17 49
3402 41 43
3403 19 47
3404 23
3405 32
3406 10 16 46
3407 14
3408 14 4 49
3409 12 16 20 42
3410 39
3411 14
3412 39 4
3413 28
3414 40
3415 28
3416 50
3417 45 50 8 9
3418 50
3419 19
3420 17 29
3421 38 40
3422 36
3423 11 13 20 24 27 37 47 50
3424 20
3425 34
3426 27 50
3427 22 33
3428 15 26 3 43
3429 13 24 42
3430 29
3431 4
3432 18
3433 28 32
3434 48
3435 45
3436 20 29 40 44
3437 42 43
3438 40 43
3439 24 33
3440 37
3441 32
3442 12
3443 40
3444 45
3445 19
3446 20 34 47
3447 12 16 30
3448 47
3449 14 37
3450 17 23
3451 23 38
3452 3
3453 49
3454 14
3455 41
3456 12 15 30 45
3457 11 17 21 36
3458 36
3459 15
3460 37
3461 15 23 26
3462 19 40 47 50
3463 27
3464 15 38
3465 40 48
3466 14 46
3467 34 42
3468 13 16 24 37
3469 14 4
3470 11 37
3471 7
3472 23 38
3473 12 13 16 24 34
3474 11 37
3475 33
3476 20 22 43 44 50
3477 33
3478 14 40 43 8
3479 32 4 49
3480 20 48
3481 11
3482 18 25
3483 7
3484 17
3485 35
3486 22
3487 19 37
3488 22 32 4
3489 23 26 8
3490 15 23 26 29 34 38 45 5
3491 50
3492 11 18 23 38 43
3493 50
3494 1
3495 18 33
3496 33
3497 15 42
3498 18 20 34 43 48
3499 11 22 30 40 43
3500 30
3501 50
3502 18
3503 27 37
3504 14
3505 2 34 47 49
3506 18 30 35
3507 18
3508 15 35 45
3509 12 16 40
3510 19
3511 15 18 23
3512 12 16 8
3513 42 44
3514 42
3515 14
3516 23 30
3517 32 37 47
3518 22
3519 4 47 49
3520 33
3521 15 23 3 35
3522 33
3523 33
3524 30 33
3525 33
3526 33 37
3527 4 49
3528 33
3529 33
3530 21 44
3531 1 28
3532 30
3533 8
3534 8
3535 15 26
3536 45 8
3537 27
3538 23 26
3539 49
3540 16 45
3541 30
3542 28
3543 47
3544 23
3545 43
3546 18 23 28 29 30 34 43
3547 48
3548 34 45
3549 37
3550 17 45 8
3551 8
3552 33
3553 3 43
3554 45 8
3555 31
3556 3
3557 32
3558 26
3559 12 47
3560 36
3561 17 20 21 33
3562 17
3563 3
3564 36
3565 12 16
3566 18
3567 17 3 35
3568 46
3569 18
3570 50
3571 3
3572 30 45 8
3573 45
3574 20 32
3575 8
3576 45
3577 19
3578 20 26 28 34 47
3579 19
3580 43
3581 7
3582 46
3583 32 49
3584 19
3585 4 49
3586 36
3587 18 4
3588 33
3589 48
3590 36 49
3591 5
3592 32 4 49
3593 5
3594 33
3595 33
3596 32
3597 32
3598 6
3599 2
3600 11
3601 21 24
3602 36
3603 39
3604 13 24
3605 7
3606 50
3607 25
3608 18
3609 45
3610 32
3611 32
3612 32 49
3613 32
3614 32
3615 11
3616 15 23 43
3617 26
3618 19
3619 30
3620 18 26
3621 37
3622 38
3623 38
3624 34 38
3625 19
3626 28
3627 18 21 3 35 38 43 50
3628 44
3629 33
3630 18 31 40 43 5
3631 27
3632 14
3633 18 33
3634 46
3635 12 40
3636 47
3637 3
3638 2 6
3639 32
3640 37
3641 4 49
3642 37
3643 37
3644 37
3645 22 37
3646 37
3647 1
3648 37
3649 37
3650 7
3651 33 41
3652 30
3653 45 47 8
3654 49
3655 23 29 34
3656 28
3657 19
3658 31
3659 15 35
3660 48
3661 13
3662 30 49
3663 12 16
3664 39
3665 34 47
3666 14
3667 40
3668 15 22
3669 23
3670 25
3671 4
3672 40
3673 20 40 48
3674 14 17
3675 17 40
3676 36
3677 18
3678 34
3679 26
3680 14
3681 17
3682 40
3683 14
3684 41
3685 14 36 4 47 48 49
3686 7
3687 34 45 8
3688 16 39 4 49
3689 12 40
3690 36
3691 14
3692 11 33
3693 32 33
3694 21
3695 19
3696 19 43
3697 28
3698 28
3699 20
3700 26 48
3701 45 8
3702 44
3703 10 23 38 44
3704 5
3705 8
3706 32
3707 3
3708 4
3709 40
3710 28
3711 18 33
3712 33
3713 24 33
3714 12
3715 40
3716 18 23 38 43 44
3717 33 43
3718 15 20 21 23
3719 28
3720 15
3721 13 19
3722 18 20 28 34 47
3723 21 35 43
3724 15
3725 46
3726 4
3727 19
3728 12 16 30
3729 12 16 18 23 26
3730 14
3731 14 36 49
3732 46
3733 13 24
3734 14 20 30
3735 50
3736 12 17 20 23 34 40 42
3737 36
3738 1
3739 30
3740 14
3741 47
3742 36
3743 28
3744 12
3745 6
3746 27
3747 19
3748 37 39
3749 11 16
3750 33 37
3751 23 30
3752 4 49
3753 44
3754 19
3755 43
3756 42
3757 46 48
3758 19
3759 16
3760 17
3761 36 7
3762 48
3763 3
3764 4
3765 32
3766 30
3767 26 36
3768 28
3769 8
3770 28
3771 34
3772 7
3773 12 16
3774 41
3775 27
3776 17 26 31 42 9
3777 33
3778 45 8
3779 34 38 47
3780 15 45 7 8
3781 12 16 18 48
3782 41
3783 21
3784 44
3785 27
3786 50
3787 41
3788 32
3789 13
3790 1
3791 45 50 8
3792 30
3793 17 39
3794 4
3795 4
3796 10 42 46
3797 18 33
3798 33
3799 46
3800 11
3801 32 4
3802 33 4
3803 4 49
3804 19 41
3805 12
3806 33
3807 33
3808 47 8
3809 7
3810 30 45
3811 15
3812 19
3813 25
3814 24 30
3815 32
3816 4 49
3817 23
3818 10
3819 40
3820 33
3821 13
3822 28 4 49
3823 33
3824 19 20 30 4
3825 10 7
3826 7
3827 39
3828 34 47
3829 22
3830 19 43
3831 18 47
3832 4
3833 40
3834 22 47
3835 12 46
3836 4
3837 14 46
3838 20 22
3839 11 20
3840 26
3841 47
3842 3 40 9
3843 44 46
3844 32 33
3845 49
3846 12
3847 38 40
3848 21 25 3 35
3849 50
3850 17
3851 38
3852 46
3853 38
3854 16 26
3855 44
3856 22 45
3857 38
3858 42
3859 12 46
3860 44
3861 40
3862 44
3863 46
3864 27 34
3865 32
3866 17
3867 14
3868 33
3869 17 21 25 43
3870 12 15
3871 15 42 49
3872 32
3873 32
3874 4 47
3875 38
3876 1 28
3877 33
3878 7
3879 47
3880 41
3881 30 32 49
3882 8
3883 26
3884 14
3885 10 40
3886 32
3887 12 16 28
3888 4 43
3889 42
