2162 5
2076 4
2200 2
706 2
756 6
1207 3
2362 6
1817 3
317 1
664 1
1111 2
2002 2
2185 2
517 1
1380 5
511 6
620 2
2061 5
2385 2
106 6
2451 6
2609 6
2956 5
976 6
1703 5
2867 2
36 2
587 3
8 5
1756 3
208 1
117 6
1965 6
2293 5
2353 5
1308 3
2663 1
3078 1
3281 2
1804 1
2569 2
1189 3
4 6
695 2
1302 1
3172 5
2946 5
1071 1
803 6
1896 2
941 6
3110 3
839 2
2558 5
707 4
862 2
2496 5
1860 5
1948 6
430 1
3047 6
161 1
293 1
1834 6
1057 4
1077 3
1069 1
1552 3
736 2
2012 3
2033 6
2497 3
1210 3
495 1
2514 3
661 5
629 3
349 1
1882 5
2747 2
2852 4
3118 6
1385 5
1658 2
2730 3
2059 6
1509 3
1623 3
1591 2
2231 1
1397 1
1411 4
1390 3
3056 5
1789 2
2481 3
1493 1
1926 1
643 1
28 3
702 1
1054 3
2724 5
2325 4
423 5
1416 1
396 2
2136 2
505 3
1227 5
2617 1
845 6
3218 2
404 6
1119 2
1563 1
62 4
69 5
1962 3
3301 2
29 1
873 3
1573 3
2971 2
1947 5
747 2
1283 2
575 2
487 5
777 1
2154 6
570 2
2588 1
2962 6
1014 2
1354 6
1087 3
191 1
644 1
2134 6
398 2
2063 6
1359 3
2439 2
2993 4
2854 1
2175 2
1440 1
3094 5
3311 1
1714 1
2347 5
2648 6
2570 2
2627 2
503 3
3307 2
1034 5
195 3
2022 2
2647 6
3105 2
2495 5
2509 2
734 1
903 2
1846 1
2256 6
23 5
530 3
2079 4
3114 1
2437 2
812 4
2809 5
1265 3
1313 1
2919 2
1299 1
2346 5
40 1
2163 5
1460 4
83 3
1616 5
2245 1
86 3
957 3
1221 1
1222 3
2478 1
1322 5
328 3
1474 1
3024 3
1992 5
1138 2
1435 4
2454 2
1055 2
1327 5
1780 1
2872 6
1224 5
324 3
1110 3
920 5
452 5
1739 2
2539 2
2394 1
1246 2
931 1
49 1
372 3
980 1
1157 5
1400 2
2999 1
2874 4
1113 5
2068 3
30 1
1464 2
3321 1
1525 4
2072 1
1813 6
140 1
1938 2
1742 6
2129 6
202 1
954 4
39 1
1696 2
2873 6
1869 2
2220 5
1424 6
2930 2
1887 5
1166 2
2989 2
1930 2
2983 6
256 2
2165 2
2508 2
1990 4
2925 3
1886 5
1290 2
2721 1
120 5
3183 6
2222 4
1570 1
3010 1
2935 5
3293 5
969 5
1118 2
1669 2
1791 2
1644 3
185 6
2559 3
2692 3
3199 5
817 5
1136 1
627 2
2726 5
2075 2
1030 1
739 2
1216 4
2584 2
1569 1
2448 
1535 1
1285 2
292 1
2432 6
1806 5
1203 3
1856 2
2698 4
967 6
2623 2
2974 5
840 3
2301 4
1165 1
1358 3
2543 6
885 5
602 1
2951 5
1659 4
1325 5
2736 6
1963 3
2576 1
1560 1
3109 3
55 4
1387 3
1159 5
2066 4
280 6
1382 5
2405 3
2447 3
1005 2
1562 2
1297 2
2827 6
3303 2
177 1
3239 6
778 1
1391 5
3072 2
3226 5
906 2
1708 3
2338 5
2571 2
2735 2
3260 5
1699 3
673 4
700 3
269 3
1715 1
1255 2
1936 6
2660 4
784 1
2840 5
1870 4
3232 6
3055 5
304 3
1422 6
789 2
110 6
1247 3
1968 5
413 3
1099 4
2701 2
1522 3
1336 6
2265 1
3081 1
182 6
1578 6
670 2
975 6
1649 3
2703 5
1082 2
1902 3
1318 3
1825 2
2535 4
2869 6
3009 1
1673 5
3122 4
3044 6
1761 1
1783 3
46 1
1857 2
2020 6
138 2
2657 4
948 3
1018 5
1345 5
585 2
1788 2
2094 3
2161 2
3089 3
2948 5
1323 5
1402 6
2640 6
1544 2
2728 5
194 1
1768 3
2358 5
1098 6
606 2
1284 2
704 5
718 3
129 1
2131 6
344 3
2117 5
370 3
381 2
509 6
3302 2
377 3
1757 1
2604 6
2091 3
2863 6
3276 2
3166 6
18 2
2862 6
1630 3
1794 1
2268 1
3157 2
186 6
2544 5
3161 6
2532 2
38 1
2317 2
725 1
2328 1
1219 2
779 4
821 6
209 4
1280 2
1127 1
2470 5
1162 4
626 2
1980 1
2696 4
1564 1
1878 5
1502 1
2092 3
1695 6
213 2
2940 5
2106 1
535 3
2847 6
3267 6
485 1
1547 3
2272 5
2876 6
1021 6
1139 1
1398 1
1891 5
3065 3
2374 3
3173 2
2513 4
2431 2
2549 2
1309 3
1960 3
2363 6
1877 5
81 5
498 1
783 1
482 1
1533 2
311 6
2553 3
1262 6
2844 1
2484 2
216 3
925 3
115 5
1498 6
2343 5
393 2
350 1
865 2
1147 2
2254 6
1206 3
2582 3
743 1
3027 1
2766 5
474 6
672 2
646 1
3061 3
2144 2
1383 4
1687 5
205 1
3039 3
1973 2
2519 4
563 1
543 2
762 2
2759 1
1785 3
1175 3
834 4
2997 5
3250 2
868 6
187 6
836 5
1972 3
3032 5
1007 2
2762 1
2953 4
2764 6
3217 6
1353 6
1532 2
242 5
1501 1
2273 5
2366 2
143 4
1200 3
2433 6
567 6
3174 
1268 3
1104 5
1328 5
1604 4
2776 6
2653 5
1131 4
1652 3
1472 5
3316 3
31 1
1793 6
1795 1
1506 1
3193 5
3275 2
247 3
1363 1
2073 1
3076 5
2656 5
1978 1
1449 3
1 5
800 3
3146 2
3165 5
2370 6
67 3
1083 4
3164 3
3215 5
1193 6
508 1
1403 6
2748 6
2392 6
52 1
1683 5
1933 5
2529 4
1685 6
2909 6
3284 2
1826 3
915 1
961 3
1921 2
1257 6
132 1
1766 1
2384 4
1029 1
3180 5
1627 3
1988 1
98 1
2473 5
3153 3
2856 1
2100 3
2739 2
2133 4
1950 4
1955 1
1471 5
2601 3
671 2
2210 3
869 4
1749 2
2757 1
179 4
1035 5
2667 2
1332 1
3274 4
2276 2
1769 3
148 1
971 6
387 2
832 6
1864 3
859 1
2046 1
3304 1
904 2
579 2
2793 1
1315 1
2494 5
2565 6
2900 6
332 5
1903 1
2435 6
2298 5
2309 5
2477 1
1020 6
2822 2
1635 3
3098 3
1108 2
2108 2
2261 6
2803 6
2275 4
611 1
595 3
158 1
141 1
1225 5
985 1
454 5
1102 4
236 1
574 6
156 3
2379 3
719 3
2455 2
2555 1
172 1
96 5
357 3
416 3
2942 5
2105 1
2679 4
2643 5
624 2
3246 1
1975 2
3126 2
2885 2
769 5
2299 5
1399 5
1015 2
1653 1
2820 4
1330 3
2770 5
1182 3
322 1
2167 6
2194 6
2755 5
1540 1
2190 5
2099 3
1953 1
1859 3
1072 1
2671 3
2826 2
2368 6
534 3
2603 5
33 3
3151 3
3306 2
2047 1
3270 3
984 4
940 2
2608 3
1728 2
750 1
1916 5
2866 2
72 4
196 1
3049 2
424 1
1852 1
1158 5
1823 1
222 2
1681 1
1967 5
2321 6
681 1
2189 5
584 3
2939 5
2120 3
513 1
2080 4
2769 4
608 5
1355 6
2048 2
1074 1
1905 6
2302 2
2506 2
2911 3
433 3
1024 5
2044 6
1593 5
2898 5
425 1
2981 1
2128 1
2055 6
740 2
1884 2
85 1
1146 3
2247 1
2204 5
1946 4
679 2
2606 2
936 2
2436 3
2032 2
2966 4
2007 1
894 2
1441 5
804 6
2727 5
1667 6
2845 1
3261 5
1153 1
3188 3
3149 6
2915 6
1163 4
1410 4
1917 5
788 4
144 4
907 2
1622 3
1847 1
2905 5
566 3
1534 3
504 3
2687 3
265 3
392 2
1688 5
2114 2
552 1
1999 5
3265 5
1491 1
1997 4
1198 3
2009 1
2899 6
568 6
446 6
1942 5
2790 1
528 1
2443 1
2752 6
2808 3
3192 1
3135 3
733 1
1152 2
1874 1
164 3
1003 2
2060 5
157 1
1376 1
914 1
2135 5
1910 5
16 2
2013 6
1561 2
2284 3
3016 1
2702 1
298 3
1956 5
2943 5
2294 2
2403 2
3324 2
3136 6
1729 2
184 6
1816 6
204 2
2982 6
133 1
982 5
1168 3
855 4
1651 3
726 3
1237 6
2926 6
1977 3
389 2
1075 5
842 4
2139 3
2156 6
421 1
80 5
315 2
3123 2
2250 1
181 6
2287 3
2812 6
3086 2
496 1
1601 5
1752 3
1994 1
61 2
2215 4
183 6
2303 2
1436 3
1606 5
510 1
2642 5
1469 6
2530 2
1236 1
270 3
2137 4
1831 6
1858 3
2485 2
385 3
2850 2
1266 3
2521 6
1167 2
436 3
2605 6
3112 2
986 1
1058 4
794 3
2525 3
2126 3
2612 6
2922 5
708 5
197 1
1112 3
589 5
219 1
549 1
178 1
2420 5
2598 6
1722 3
713 2
952 2
198 1
1818 3
2097 2
1033 1
2503 5
105 3
1151 5
2212 5
619 2
2438 2
1969 6
386 5
1833 3
1974 2
3312 2
1360 3
1517 3
3142 2
514 1
3195 1
285 3
2912 2
1894 1
414 3
1377 1
680 2
1272 1
1845 1
2324 2
3315 3
1941 5
956 3
246 1
267 3
3286 3
58 6
3266 6
1679 1
2164 2
1844 3
1428 4
355 3
955 3
169 1
1567 1
128 2
1229 1
2226 3
2683 1
1095 3
1269 3
1304 1
2234 2
2655 6
896 3
1134 4
1693 6
523 5
2199 2
1961 3
2851 2
1528 6
2644 5
2697 2
2742 5
2333 2
727 2
2685 4
2460 6
958 3
1081 6
2223 1
2952 5
2064 6
2799 1
546 1
846 6
1300 1
326 3
945 3
1723 2
2990 2
1462 3
1920 5
2029 1
2978 4
1586 2
2756 2
2980 5
2404 
1417 6
1527 4
921 5
1135 1
1105 1
2179 6
17 3
526 3
2938 5
3054 1
1341 3
1499 
3201 4
1372 2
1598 1
1707 3
1421 2
1025 5
2910 6
2664 5
464 5
152 1
1494 1
2267 1
2168 6
1154 1
1571 1
2902 6
1984 4
3057 5
2969 3
1787 3
536 3
612 5
1596 5
888 1
2186 2
2207 4
2441 3
1145 3
1463 6
2341 5
2467 5
1588 3
2975 2
2388 6
2924 5
2208 4
2319 2
3011 4
1557 1
2083 4
2864 1
3085 1
2651 3
3058 5
960 3
1931 5
2779 6
1425 6
35 2
77 1
399 1
2107 3
2418 5
2750 6
1386 1
590 6
1590 4
1605 6
2041 1
3228 1
289 1
1170 1
1340 6
2680 5
2395 1
2818 2
2681 6
2684 1
1249 3
403 5
1982 5
533 3
3005 2
427 5
2554 1
2861 6
1893 1
1602 5
2445 3
3033 6
2147 6
2177 3
263 3
631 1
2037 5
810 6
2278 2
959 3
576 6
108 6
3148 2
2828 6
2148 6
3289 5
826 1
125 2
235 1
928 2
942 6
3155 5
1555 5
2176 2
2017 6
2371 1
1241 2
1433 1
2954 4
600 4
908 2
1538 1
2025 3
3103 2
531 3
716 2
1434 4
90 3
1776 3
2258 1
2801 6
3144 6
499 1
618 5
1777 1
1613 5
2562 1
1042 5
218 6
3163 5
2682 4
735 1
2010 1
2625 3
3088 2
1339 5
245 1
1697 2
2104 3
2868 6
2160 2
2253 6
471 1
1298 1
1737 2
1270 1
2700 3
596 3
1899 2
2741 6
163 2
1240 5
910 5
2678 5
722 2
2596 3
2205 4
2805 5
2888 6
1811 6
435 6
455 5
3160 6
88 5
14 2
2233 6
1677 4
3053 1
334 4
764 3
2520 6
3176 3
26 3
2754 6
274 1
1244 3
2843 3
2015 6
884 5
2717 2
937 3
642 1
775 6
2196 2
3124 6
2792 3
217 3
1548 1
2356 3
262 3
2307 5
1566 1
476 1
166 3
382 3
1483 3
1597 1
391 2
363 2
711 1
1680 1
848 6
1046 3
1148 1
1731 3
1639 3
1934 2
2414 5
124 2
460 6
2572 1
3179 2
1521 3
1475 5
142 4
2541 2
2823 1
2883 2
1132 4
42 1
2970 6
2241 6
1295 2
309 2
822 5
111 5
864 2
2121 6
359 3
2798 1
2340 5
2049 2
2814 4
3181 4
2526 3
2619 4
147 1
2877 6
796 4
1251 6
1183 3
2774 4
2524 4
539 6
3127 2
2515 3
2929 
41 1
2589 1
2238 5
2870 6
1664 1
3296 1
1666 1
76 4
3298 4
1619 3
857 1
2159 3
1511 3
1702 5
741 3
892 6
1150 1
2531 2
409 1
833 4
1849 3
2783 2
221 2
2453 6
2534 2
1890 5
2490 3
211 2
917 3
1770 1
2855 1
1539 2
3045 6
2593 1
2631 5
806 5
325 3
883 1
1296 2
375 3
2217 5
308 5
2669 1
1989 3
2504 2
2035 3
1843 3
1032 3
331 5
965 5
977 6
1126 3
963 3
3262 3
2259 1
950 2
1006 2
431 1
2050 6
2751 6
3227 6
2417 5
924 3
1453 6
1876 5
2290 6
3240 3
2021 2
374 3
525 3
1736 4
1008 2
1958 6
2567 4
2228 5
1017 5
3019 5
776 1
751 4
2542 6
728 1
1838 3
3264 5
569 6
964 3
1718 2
109 6
2459 6
1259 1
1192 6
1792 2
2469 1
1862 5
1208 3
2365 4
1053 3
3238 
3092 5
749 6
484 1
1546 3
3305 2
316 1
556 2
1011 4
938 3
2787 5
2613 6
2921 4
1317 3
2140 3
1850 6
929 2
1832 6
2000 5
300 3
1827 1
593 5
737 2
714 3
2677 5
2581 3
2150 4
1484 5
1621 3
687 3
902 1
2949 5
1289 2
1413 4
2986 1
2758 1
127 2
1470 5
1489 1
1840 1
1996 5
656 3
2260 1
1473 1
1041 5
1675 5
43 2
1855 2
2760 1
327 3
2551 1
3259 5
1624 3
3099 6
2158 5
2464 3
2985 1
3107 3
475 2
3234 1
1656 3
3206 5
1329 1
1375 3
2630 5
2906 1
2146 6
438 3
2674 6
2492 6
2835 3
1863 5
1638 3
1919 5
3319 2
2203 4
2172 6
2857 4
689 6
2666 5
519 2
465 3
2292 6
254 1
870 2
1872 1
2804 6
1213 4
820 5
816 5
1242 4
59 4
565 1
1784 3
628 3
2568 2
1746 5
3113 4
2378 3
994 5
2180 4
1123 3
1233 5
659 6
1748 2
1239 1
307 5
1120 4
1485 6
1671 5
995 5
3295 6
813 2
1277 2
1068 4
1016 2
792 5
1115 5
1908 5
233 2
2780 6
371 3
481 1
2901 6
1771 1
97 1
2067 
2607 1
2891 6
103 2
1507 3
264 3
781 
2746 4
501 1
1349 5
1964 3
3037 2
2819 4
1805 1
2528 3
3225 3
944 3
652 1
2846 6
1655 3
2326 2
2646 6
165 3
2958 4
473 2
1116 2
1274 2
1661 5
3322 2
153 1
3063 1
3245 3
3229 1
2001 5
2274 5
215 3
252 5
121 5
1201 3
93 6
1943 3
2825 2
3255 4
3185 5
3285 1
3139 6
1662 4
320 5
1486 6
610 1
2087 2
2511 4
2586 2
2914 6
255 1
3138 6
1454 1
1773 4
2875 6
2039 5
2992 2
449 5
2415 5
581 1
604 1
2472 1
3320 1
2023 1
1898 2
420 1
677 1
1654 3
188 6
520 2
2714 1
3080 1
863 2
1939 5
1985 1
1045 5
84 1
2262 6
675 3
1067 2
1448 6
617 5
2838 5
268 3
1088 3
2561 1
2086 1
145 2
2193 6
139 4
333 5
3291 5
2101 6
1642 3
3048 4
79 5
1775 1
3143 1
276 1
1612 5
1404 6
2130 2
2738 6
2917 6
312 5
3209 5
1690 5
3150 5
1442 3
678 1
1720 4
1524 1
2053 4
3190 1
2556 1
1497 1
1803 1
384 3
913 3
1477 5
361 2
1408 5
1177 3
1611 5
2042 1
2381 5
1589 2
3084 6
2349 3
57 3
168 1
2310 2
5 5
477 2
1288 2
2306 5
3221 3
2768 6
162 1
2785 5
3247 2
2965 6
2315 5
3034 4
1979 1
2281 3
3290 5
301 3
2498 3
2737 2
3128 4
2824 1
373 3
1103 1
1286 2
2533 4
2830 5
3121 2
1097 6
953 5
2645 5
2707 5
2522 6
1835 6
171 1
1579 6
2457 1
2745 3
305 
2143 3
2252 6
1711 1
2291 6
63 1
240 2
1043 5
1730 4
665 1
767 5
1678 2
720 1
134 1
2765 6
2908 1
1052 2
696 3
2813 4
755 6
1957 6
1019 5
1937 2
1754 3
2115 5
1303 1
2616 1
1924 1
2483 3
1184 3
1556 1
1137 2
330 5
53 1
104 4
429 5
3170 3
1970 6
562 1
2364 3
444 1
1888 5
2116 5
1209 3
1915 5
2465 5
2376 4
107 6
189 6
3205 5
502 3
2246 1
400 1
1217 5
488 5
2322 6
273 1
401 1
445 3
690 6
2045 1
632 4
1457 6
2416 5
2564 3
1998 6
491 5
2269 1
1822 1
2566 2
605 1
849 3
2903 2
1185 6
2093 3
966 3
2320 6
2781 1
807 1
2098 3
524 6
2988 6
1109 3
99 1
1090 3
1800 1
358 3
2125 3
2725 5
461 1
802 5
2345 5
1010 2
3022 5
2337 1
1503 1
2994 2
2285 5
760 1
3060 3
847 3
176 1
780 2
1682 3
1987 1
1940 5
1084 2
3252 2
582 1
130 1
2166 5
2795 1
3130 6
3147 5
116 5
3282 5
1381 5
634 2
2 5
68 3
1709 3
2904 5
878 2
2672 3
2734 2
2563 2
658 6
2658 2
3104 2
1401 5
2641 3
3040 3
286 1
65 4
979 6
456 5
310 2
1927 2
949 4
1906 3
366 2
193 3
895 4
874 2
1971 3
1868 4
2102 2
2170 6
2583 1
1028 1
1551 5
1347 6
1392 6
1446 6
2718 2
856 2
1039 3
1759 1
1901 2
2434 6
2977 5
282 3
354 3
1500 3
1781 1
206 1
773 6
3069 1
345 3
2304 2
335 5
251 5
2637 6
805 5
2279 2
2628 6
3023 5
1431 3
1716 1
2585 2
1060 3
541 6
338 1
1129 4
1595 5
578 3
2947 5
2070 1
930 4
3079 1
2240 6
2038 1
1367 1
2499 2
763 3
1986 1
3093 6
774 6
1842 5
3241 1
91 2
500 1
1740 6
2095 3
1918 3
2670 1
2452 5
768 6
2243 3
3263 3
1665 1
1897 4
2444 3
1778 1
2807 6
2123 2
123 2
588 1
2676 4
2018 3
2945 5
841 3
2314 1
876 2
1600 5
738 2
249 3
3156 2
64 4
1078 2
1871 1
303 3
3236 6
761 3
1620 3
650 1
1406 5
1848 1
2634 1
407 1
2188 2
1079 4
1248 1
1263 1
2984 1
1684 2
360 3
886 1
1841 1
356 3
1704 5
207 2
2396 1
580 4
1331 1
2879 6
3021 5
3219 2
175 1
3083 6
2211 4
2771 4
32 1
3115 1
1945 5
1059 3
1904 5
159 1
2892 2
368 2
676 4
797 3
2594 1
318 1
2510 2
2777 6
823 5
422 5
1808 3
323 1
824 3
2145 2
1648 3
1414 3
1959 5
3002 2
2138 2
730 3
1705 5
2713 6
2959 5
2014 6
3026 5
2359 2
927 2
1066 2
639 3
2767 6
772 6
2277 6
507 1
1037 5
1086 5
1396 4
1710 3
250 5
2237 2
2024 1
457 5
2611 6
609 5
1181 3
2802 6
872 3
2733 3
1810 3
997 5
3204 4
1553 3
1542 1
2400 6
2428 2
1549 3
890 5
1608 5
717 5
811 4
3237 
674 1
1429 1
983 5
897 5
3087 2
506 3
1252 6
544 6
933 2
11 5
1614 3
1966 6
2489 2
70 5
645 1
2595 1
288 3
1070 3
1488 5
721 1
1089 3
771 4
2816 2
2069 3
2936 5
2288 6
668 3
561 3
799 3
1173 5
122 5
2686 2
2720 1
3294 4
439 3
3299 5
3082 6
113 6
3043 6
723 2
1012 5
2665 5
2890 6
991 6
2540 2
395 2
200 1
1706 5
1724 2
2375 4
3014 2
3133 1
765 3
667 3
2833 2
493 1
2987 2
2074 1
3001 2
426 1
2019 6
2118 2
2960 3
1983 3
192 1
1574 6
2689 2
2834 2
1820 1
692 6
2153 6
2550 1
458 5
2480 1
167 3
7 5
351 2
2577 1
547 4
3117 6
1338 6
1995 4
2334 2
180 2
1922 4
947 2
1271 3
2183 6
1686 6
2491 2
2209 4
3091 1
3062 5
2005 5
598 3
1603 5
3249 2
1142 3
2972 2
686 3
1186 6
2466 5
1430 3
2201 1
919 5
74 4
1492 1
1691 5
2313 5
1395 6
480 2
814 2
365 2
1273 1
1172 4
73 4
939 2
2716 1
3235 5
550 1
1526 4
47 1
3254 4
2280 6
1196 5
284 3
149 1
437 3
1073 4
2429 6
3224 6
731 2
2411 1
1307 5
662 5
411 1
1745 5
3075 1
3223 6
1230 1
2380 3
641 3
3051 6
1830 6
2122 2
1218 2
2881 1
683 3
3184 6
3162 6
258 1
1155 3
2430 6
989 4
922 3
2372 3
2077 2
2413 5
228 2
3202 4
297 3
259 3
494 3
2057 6
752 5
1467 3
275 3
637 4
1394 6
2332 2
1809 2
2811 6
2995 5
932 2
974 6
2778 1
1455 6
2342 5
2913 4
899 3
1243 3
1346 5
2537 3
2788 1
818 3
2815 4
408 1
1306 5
684 3
440 3
527 2
1202 3
2592 1
1609 5
1779 1
9 1
1481 3
759 1
19 2
2174 5
1881 5
1545 1
3134 1
1663 6
879 3
1294 2
815 1
1267 3
486 5
2886 6
1530 5
2181 2
2006 1
1344 5
1819 3
2918 2
625 2
2690 6
1765 2
1326 5
1370 2
2836 2
1543 2
860 2
962 3
3216 5
3258 1
1061 6
3006 2
238 1
2839 5
3178 2
901 1
27 3
48 1
1815 6
290 2
905 1
405 2
1412 4
2412 1
3203 5
2794 1
2296 5
557 1
2600 6
705 4
2187 1
321 3
1254 4
2249 6
342 3
1466 3
2695 5
1205 3
1668 1
3197 5
3273 4
2849 6
1879 3
1191 6
2961 6
2369 6
418 1
2119 4
137 2
379 1
981 4
1051 2
479 2
2391 6
1594 5
1582 5
1912 5
1036 5
2004 3
2071 2
1790 5
1320 3
2560 1
828 2
201 1
3036 2
1636 1
1741 6
1889 2
2227 5
2482 3
463 5
688 3
2488 2
1726 2
2709 4
3248 4
3317 1
3198 5
1976 3
3297 1
114 5
2282 3
1529 6
2626 3
2574 3
2169 2
2860 2
1676 5
1106 4
1572 1
146 4
1895 2
2393 1
2817 2
866 2
2440 5
277 3
1009 2
1751 3
406 2
715 3
3175 5
669 2
2615 6
1735 2
880 3
1085 2
1928 1
3309 4
1312 3
2308 5
2957 5
1279 2
1513 3
1913 5
1914 5
2149 5
653 1
1161 4
1935 2
1753 3
2216 5
224 1
529 1
1482 3
636 4
2425 6
336 2
337 1
1220 3
287 3
837 3
973 5
1188 3
2213 5
2386 2
1212 4
1577 2
2654 5
2182 4
2821 4
2638 6
1366 5
1121 2
1641 3
2479 2
2699 3
1559 1
3042 6
3300 2
210 1
648 1
685 1
3041 1
212 2
492 5
2722 1
2614 6
2401 2
3035 2
3257 2
1576 4
1734 2
1550 1
60 2
3269 1
882 3
1282 2
2620 1
260 3
1228 3
851 6
2408 5
2475 5
1096 6
2357 3
1698 6
1490 1
1348 6
1531 5
2580 6
3119 6
2257 1
1558 2
1631 3
1223 5
2423 5
1169 2
2523 6
2635 6
1861 5
572 1
647 1
1747 5
2410 5
2920 5
1496 1
2110 5
15 3
754 6
2081 4
2602 4
1094 3
1873 1
3077 5
972 5
1092 3
1465 6
2202 2
2976 1
1211 4
515 1
340 2
518 1
867 6
3279 3
968 5
2421 5
571 2
131 3
3145 2
1883 5
1352 6
887 3
3031 5
380 1
1923 1
1278 2
854 6
2151 5
1951 6
347 3
2225 3
2462 1
1065 1
443 2
1379 4
378 5
214 1
2471 1
2348 4
622 6
390 2
3070 4
3066 2
78 1
1141 3
2355 5
1001 4
2841 5
54 5
2548 2
701 3
3191 1
3050 
2236 1
1253 6
2283 3
2152 6
2848 6
770 4
2694 4
516 1
1050 3
2078 2
1107 2
1755 3
1027 3
2650 5
666 1
279 6
2624 6
712 1
1764 2
893 2
412 3
2729 5
1310 4
630 1
2082 1
2184 6
1117 2
616 5
1584 1
1156 1
2893 6
2397 1
1364 1
2382 5
766 3
3194 1
229 3
3168 6
1478 6
1670 2
554 2
729 3
998 5
2198 4
12 3
3090 3
2289 6
112 5
1195 6
2096 1
3013 2
853 6
2552 3
299 3
3046 6
0 5
1409 2
1575 2
239 1
174 1
2089 2
850 6
1646 3
3271 3
992 5
2934 5
2749 6
468 1
1143 3
2731 3
1829 1
2784 5
3171 5
3030 2
1238 1
415 3
1305 5
1031 4
296 2
2463 3
119 5
199 1
1717 1
2026 1
724 3
875 1
367 2
838 6
1160 4
2461 6
1732 3
1374 1
1516 3
278 1
1565 1
2998 5
314 2
1626 3
742 1
2791 1
2016 6
3283 5
2034 3
2591 1
3308 2
987 5
934 1
2360 6
545 3
1319 4
1049 3
2837 5
2027 1
3004 2
1062 3
3097 2
71 4
1122 2
1802 6
2206 4
2173 1
2979 6
2599 6
1133 4
1187 6
1291 2
2390 1
655 1
1076 2
1389 6
1625 3
1536 6
2300 4
573 6
1426 6
1909 5
623 3
3028 1
2456 2
614 5
394 2
1056 4
2907 1
1287 2
1199 3
2003 3
369 4
1002 4
1637 3
2124 3
469 2
1301 2
1324 5
538 3
577 6
3272 5
988 5
2446 3
3015 1
3182 5
970 6
918 3
1459 3
1451 5
1763 3
2502 5
2031 6
3310 1
490 5
946 3
1519 3
434 5
1388 6
1824 2
3242 4
3158 5
2673 1
638 3
257 1
3251 
1461 4
603 1
472 2
1515 3
1617 3
1180 3
2113 5
1362 3
1821 1
592 6
2424 6
1040 5
560 3
3108 3
151 1
2887 1
100 1
2744 1
89 5
261 3
2255 6
2383 5
1518 3
2842 1
2219 3
1456 6
2367 2
101 1
881 4
1373 4
2740 1
2639 6
2889 5
3071 4
3214 2
1245 3
2955 5
3213 2
2832 1
1568 5
2232 1
2103 3
1744 5
3120 6
694 4
1510 3
1450 3
1727 2
447 6
2507 2
2218 3
1447 6
951 5
2610 6
2573 1
376 2
3159 6
2339 5
3231 6
21 4
660 5
2659 1
1337 6
3222 4
861 2
2011 1
2248 6
3187 2
3137 1
241 1
2865 1
1738 2
682 2
1797 1
2335 1
2575 3
2251 6
1178 3
339 1
757 6
1149 4
1194 6
935 2
1333 3
1900 2
3169 2
2239 6
272 5
548 1
1114 5
1911 5
3280 3
1415 3
1234 1
225 2
558 3
753 3
1026 3
2500 1
1991 1
2786 5
2270 3
2344 5
2632 5
2501 2
2587 1
1314 1
1712 3
442 3
1713 1
2036 3
1615 5
1368 1
497 1
916 3
1369 4
75 5
1892 5
2927 5
154 1
1814 6
1643 3
3196 1
428 5
1393 6
1633 3
1361 3
470 2
798 1
3253 2
1512 3
2399 5
2963 6
2054 6
1281 2
2732 3
2761 3
2536 2
230 5
1179 3
1124 2
3003 2
2711 3
44 3
594 5
2487 6
745 2
1554 3
1758 1
2719 1
2763 3
3102 2
25 5
226 2
417 3
1537 6
3200 5
2505 6
1171 4
383 3
2030 6
1405 2
2661 3
1292 2
1311 3
790 6
559 4
2723 1
1022 5
2831 6
898 3
2652 4
3068 1
3208 6
466 4
691 6
448 6
2991 2
1080 6
2111 5
2884 2
136 1
3140 4
410 1
2878 2
3326 6
3212 2
532 3
2618 2
1064 1
1438 1
1743 5
451 5
1468 6
3096 4
871 3
2486 6
1721 4
2398 5
2402 2
2708 6
2896 5
3008 2
1587 5
459 6
1125 3
2327 1
2419 6
388 2
2546 2
649 1
3244 5
66 2
2688 5
1786 3
1689 5
343 3
2266 1
2476 6
1250 3
1514 3
978 6
3125 5
1443 3
402 3
1767 1
348 3
450 5
1000 1
51 1
1981 3
2406 3
697 3
2468 1
3106 3
877 2
13 3
45 1
1479 6
1264 1
2214 1
2880 3
2311 2
3052 2
2040 5
2312 2
926 2
1256 6
900 1
1700 3
2052 6
2950 5
1444 1
227 2
852 6
1452 2
1774 1
87 3
564 1
2675 5
2775 2
118 6
2859 5
6 5
835 5
2318 2
748 6
2897 5
2545 6
1599 5
2230 6
3207 1
3287 3
2704 6
1701 5
844 3
352 3
512 6
2772 1
2941 5
2706 5
3116 1
795 3
2931 3
2800 5
2377 3
253 1
2297 5
2427 5
190 1
551 1
1645 1
1657 3
1634 3
2557 5
1261 6
56 4
744 1
2806 6
782 1
2789 1
1419 6
537 3
2712 2
2354 5
1023 4
1004 3
1504 5
1048 3
3314 1
2271 5
483 1
3132 6
1334 1
698 3
785 1
923 3
3131 6
1541 2
364 6
1725 2
3141 5
1798 3
2882 2
2058 6
2407 6
693 4
3067 2
3210 5
24 5
663 5
1038 3
3243 1
2853 4
1476 1
2084 1
329 1
2517 2
1458 2
3020 5
1692 5
2928 5
20 4
1592 5
266 3
2693 3
2051 6
801 5
2197 4
1782 3
586 3
1258 1
2629 2
793 5
2743 3
1130 4
295 6
1480 3
657 6
2973 5
2691 6
135 1
1932 2
2329 1
2871 6
2389 6
3230 1
3233 6
2829 6
1204 3
2387 3
34 2
2622 6
362 2
231 1
2932 
1837 5
1944 5
1885 5
1583 1
3256 2
1585 2
1445 1
2967 6
1853 1
2578 1
2242 6
555 2
809 6
996 5
441 3
2797 1
2895 5
3000 2
831 3
1321 5
10 1
597 
432 3
2964 6
1799 3
825 2
1423 6
1812 6
2043 6
2112 5
1672 5
3288 5
1828 2
787 6
1610 5
2715 1
829 4
1365 5
1505 5
453 5
3189 1
2474 5
1907 5
2330 1
3074 3
2458 5
313 5
993 5
1618 3
2336 1
1357 5
92 3
1674 5
791 5
3064 3
2056 6
1427 1
2331 1
1231 
990 4
1694 6
542 6
3220 2
709 5
819 1
1128 4
462 5
3018 1
3318 1
2195 2
1867 1
1371 2
170 1
2894 6
1140 3
633 4
2350 3
1760 1
283 3
827 3
1854 2
2352 3
1647 3
2157 5
1629 3
613 5
1335 1
1437 6
237 1
82 3
3007 2
1993 1
2662 1
2155 6
3186 3
640 2
2373 3
911 1
2538 2
3152 3
808 4
1628 3
95 4
3268 1
281 3
2065 1
2590 1
1929 3
786 6
1632 3
1949 4
710 5
2263 6
1190 6
889 5
2229 3
3292 5
2305 1
94 3
1293 2
540 1
912 1
1276 2
1439 6
2221 4
3313 2
3025 6
1796 1
2316 3
1839 3
1650 3
553 1
2351 3
1520 3
220 6
1063 1
2008 1
2516 6
1343 6
1316 3
2191 5
223 1
248 3
758 6
1807 5
2142 6
2450 5
2361 6
3095 1
3323 3
2933 5
2141 3
830 1
654 1
3277 6
3029 2
2264 1
397 2
243 1
2224 5
2633 3
232 2
3073 2
746 2
2916 6
621 2
1101 6
1607 6
3101 3
3129 1
2178 6
1875 1
1487 1
1226 6
1865 3
999 1
1640 3
1952 6
2621 1
3059 3
891 6
1164 4
1215 5
2295 2
3177 1
467 1
2649 5
1093 3
1197 4
843 3
2088 2
2323 2
521 5
1044 5
294 6
1091 3
319 1
346 3
22 5
601 6
522 3
858 1
1356 5
2286 3
3167 6
1100 6
3100 3
1144 2
271 5
583 6
2235 2
2442 3
1762 2
909 5
478 2
2422 5
37 2
150 1
1719 2
244 1
1350 1
2109 2
607 6
50 3
2090 2
1508 3
1176 3
2409 5
2753 6
2512 2
2547 2
1260 1
1523 3
2171 6
3211 2
635 2
302 3
1407 6
2085 6
2426 6
2668 2
1214 5
2923 5
353 3
2636 3
155 2
2192 1
2996 5
1495 1
699 3
2132 3
102 2
2518 4
3154 3
1750 2
2937 5
1660 5
160 1
341 2
1384 4
1880 5
2028 1
1275 2
203 2
2493 5
2449 4
2782 2
3 6
1581 2
1174 5
126 2
2944 5
732 1
703 3
2705 3
2810 5
3017 1
2579 1
1351 1
2527 3
2858 5
1733 3
1378 4
2597 1
1235 1
306 5
599 3
1954 1
3038 2
1866 3
3278 3
291 3
591 6
1342 5
2796 1
2710 3
651 1
1232 4
1432 2
1801 3
2062 3
1418 5
3111 2
3325 3
2127 3
234 1
1047 3
489 2
615 2
2244 3
2773 1
1013 5
1772 4
1925 2
2968 3
173 1
943 3
1836 2
419 1
1420 2
1580 5
3012 2
1851 1
