2076 2079
2076 2075
2200 2199
706 707
706 705
756 2647
756 2388
756 2646
756 754
1207 1204
317 316
664 1910
664 663
2002 2002
2185 1409
1380 1379
620 619
620 1408
620 3128
620 1086
2061 2060
2385 2384
106 109
2451 2453
2609 2608
2956 2936
2956 2934
1703 1701
2867 2866
36 35
36 34
587 2105
8 0
208 207
117 113
117 1861
2293 823
2293 1346
1308 2219
2663 2855
2663 2906
2663 2908
2663 2907
2663 2662
1804 2469
1804 1803
1804 3258
2569 2568
1189 1708
1189 1188
1189 1617
4 3221
4 0
695 694
3172 3171
2946 2936
1071 1069
1071 3008
1896 2850
1896 1895
3110 3109
2558 3062
2558 2557
707 705
2496 2495
2496 2922
1860 1859
430 1238
3047 3045
3047 3046
161 546
161 1548
161 999
161 160
293 292
293 1433
1057 1056
1077 680
1077 1089
1077 1405
1552 1551
1552 1809
2012 1776
2033 2032
2033 2868
1210 1209
1210 1549
1210 1050
1210 299
1210 1049
495 2073
495 3134
2514 2517
2514 2512
661 660
629 628
1882 1883
1882 2271
1882 1880
2747 1055
2747 1039
3118 3118
1385 1701
1385 1384
2059 2058
1509 2124
1509 1617
1509 1508
1623 1187
1623 1637
1623 1617
1591 2656
1591 2005
1591 1009
1390 1651
1390 1752
3056 3055
3056 3292
1789 1788
2481 2480
1493 1491
643 642
28 26
28 1059
1054 1052
2325 2323
423 422
396 398
396 395
396 2122
505 503
1227 1838
1227 368
1227 1753
1227 1617
1227 1839
2617 2616
1119 1118
1119 2606
1119 2541
1563 1757
1563 1775
1563 2192
3301 3300
29 984
29 2986
873 871
1573 1570
1947 1946
747 745
1283 1274
575 1111
575 1054
575 572
487 96
487 486
777 1397
777 778
777 776
777 3177
2154 2152
570 571
2588 2594
2588 2587
1354 1352
1354 3120
191 194
191 1794
191 196
191 581
191 190
644 409
2134 2133
398 1285
398 1108
398 1010
398 395
398 2122
398 1282
1359 1358
2993 2990
2993 2994
2993 3067
2854 2854
1440 1439
3094 3093
3311 3310
2347 2340
2347 2957
2627 2627
503 1493
503 630
1034 1031
195 581
195 190
195 2192
2022 2021
3105 3104
2495 2922
903 904
1846 1845
2256 184
2256 2612
23 22
530 3039
530 1003
530 526
530 3169
2079 2075
2437 2439
812 811
1265 269
1265 534
1265 1521
1265 1551
1265 841
1265 561
1265 1202
1265 1515
1265 1508
1265 2527
1313 1033
1313 1314
1299 1298
2346 2340
40 1416
40 1563
40 195
40 38
40 407
2163 2162
2163 2340
2163 2841
2163 2344
83 82
1616 1610
2245 1641
957 2094
957 955
1221 1220
1222 1220
2478 2477
1322 1323
1322 1324
1322 1321
328 323
1474 1493
1474 1473
1138 1137
1435 1434
1055 1054
1055 1052
1327 1687
1780 3321
1780 496
1780 1779
1780 3318
2872 2868
1224 1399
1224 1223
324 323
1110 1109
920 2275
920 919
452 464
452 451
452 1701
452 2895
452 889
452 1013
2539 2538
1246 1245
1246 2629
931 784
931 2921
931 930
372 372
372 366
980 979
1157 1401
1157 2933
2874 2868
1113 1707
1113 2895
2068 840
2068 1961
2068 1482
2068 1643
30 29
30 986
30 1679
1464 1462
1525 1524
1525 2011
1813 1812
140 139
140 305
140 3269
1938 1937
1742 1081
1742 2929
1742 1080
954 2769
954 950
954 1736
39 195
39 1757
39 38
39 2702
39 246
39 1679
39 888
39 1248
39 318
39 426
39 837
39 647
39 339
39 649
2873 2868
2220 2935
2220 2933
1424 1422
1887 1883
1166 1274
2989 2989
256 476
256 255
2165 2164
2508 2506
1990 1990
1886 1883
1290 1274
2721 2719
3010 3009
2935 2933
3293 2417
969 1930
969 1933
969 968
1644 1617
1644 1643
1644 2527
185 2736
185 2764
185 181
185 1528
3199 3197
817 816
817 2213
1136 1135
627 2002
627 2989
627 626
627 1937
2726 2727
2726 2725
2726 2729
2075 707
2075 2079
1030 1679
739 736
739 740
1216 1211
2448 2446
1535 721
1285 1274
1285 1286
1285 2123
1285 2122
1285 1282
2432 2434
967 967
2974 2973
840 839
1165 1161
1358 2464
2543 280
885 464
885 884
885 889
885 1807
602 673
2951 2936
1325 1930
1325 2703
1963 3316
2576 2936
2576 613
1560 2669
1560 1559
55 371
55 2767
55 54
1387 1386
1159 1157
1159 1772
280 278
280 2973
1382 1526
1382 1379
2447 2446
1005 1577
1562 1561
1562 2682
1562 2857
1297 1296
3303 3302
177 176
778 3304
778 776
778 3177
3226 3226
3226 2417
906 213
906 2851
906 1723
906 2882
2338 2340
2571 2570
2735 2734
2735 2882
3260 2040
1699 1698
1699 1700
700 938
700 696
700 1078
700 260
700 1459
269 839
269 1752
269 1961
269 2741
269 262
269 1066
269 1519
269 1617
269 1643
269 2527
1715 2275
1255 1254
1936 1935
2660 2660
784 783
784 2921
784 5
784 981
2840 3185
2840 1705
2840 2839
1870 1869
3232 3231
3055 3292
304 1414
304 1415
304 302
789 788
789 2697
110 106
110 108
1247 525
1968 1967
413 2068
413 2601
413 2490
413 264
413 2528
413 345
413 412
413 1617
413 560
413 1643
413 348
1099 1096
1522 1521
1522 1753
1522 1617
1522 1508
1336 1336
2265 2264
3081 3080
182 181
182 1528
670 1400
670 1729
670 669
975 2899
975 974
975 1191
975 1190
1649 1617
1902 2730
1902 1521
1902 1901
1902 1753
1902 1643
1318 1054
1318 1315
1318 682
1825 1824
2535 2533
2869 3183
2869 2868
1673 1024
1673 1675
1673 1671
1673 2499
1673 1674
1761 1560
1761 1757
1761 1653
1783 2730
1783 1785
1783 1782
46 43
46 641
1857 1856
2020 2019
138 137
948 357
948 2139
948 1341
948 1546
948 2093
948 358
948 68
948 1841
948 947
948 2089
1018 1391
1018 1017
1018 2785
1018 2413
1345 2458
1345 1342
585 2989
585 2071
2161 2160
2161 1282
2161 1291
3089 3088
2948 2936
1323 2935
1323 2340
1323 1381
1402 2156
1402 2152
1544 1988
1544 1542
2728 2727
194 194
194 1795
194 190
2358 988
1098 1498
1098 1096
1284 1274
704 702
704 1928
704 1432
2131 2129
344 1962
344 1087
344 957
344 961
344 2284
344 955
344 963
344 1088
344 2281
344 598
344 342
344 1617
344 2527
2117 2692
2117 2116
370 366
370 367
377 842
377 1838
377 360
377 844
2091 3135
2091 2089
2863 2861
2863 3120
3276 3275
2862 2861
1630 1617
1794 1795
2268 2264
186 3161
186 181
186 1528
186 189
2544 2347
2544 280
2544 2957
2544 492
2532 2531
725 212
2328 2327
1219 1218
821 1999
821 3092
821 820
821 1706
821 1790
821 2895
209 207
1280 1274
1280 1282
1127 1649
1127 3153
1127 2528
1127 1636
1127 1641
1127 1076
1127 1617
2470 2469
1162 1161
626 1937
1980 1978
2696 2694
1564 1565
1878 1877
1878 2936
2092 1078
2092 2089
2092 1459
213 2509
213 61
213 211
213 240
2940 2936
2106 2105
535 1175
535 531
535 1617
535 1508
2847 2846
2847 2849
3267 3266
485 484
1547 1546
1547 68
2876 2868
1021 1020
1021 1469
1021 3120
1021 790
1139 1139
1398 1397
1891 2272
1891 2274
1891 1883
3065 3064
2513 2513
2549 2546
1309 1308
1309 1513
2363 2362
81 2340
81 79
498 1524
498 2011
498 497
783 784
783 2921
783 930
482 2981
482 481
1533 1532
311 310
2553 1183
1262 1261
2484 2509
216 372
216 214
925 1175
925 1961
925 1843
925 922
115 792
115 121
115 3185
115 2381
115 1600
115 2936
115 113
115 3182
115 1599
2343 2340
2343 2841
2343 2344
350 349
350 1319
865 862
1147 2066
1206 1782
1206 1204
2582 2581
743 742
743 2264
474 471
474 3000
672 669
672 1541
646 644
3061 3060
1383 1381
1383 1379
205 3149
563 677
563 562
563 2300
1785 2730
1785 1782
834 833
2997 2995
868 1446
868 867
187 181
187 1528
187 189
836 2340
836 2344
836 2859
836 835
1972 1973
1972 1971
1972 2211
1007 1005
1007 1577
2953 3113
2953 2936
3217 220
1353 1695
1353 183
1353 188
1353 1352
1353 3120
242 2060
242 1920
242 1842
242 241
242 2895
1501 1501
2273 2272
143 142
1200 1198
1200 1201
2433 2432
1268 2068
1268 2490
1268 264
1104 2275
1104 1102
1104 2958
1104 901
1104 2305
1328 1327
1328 1687
1328 1472
2653 2936
1131 1130
1131 1128
1652 1678
1652 1617
1472 1470
1472 3291
31 29
31 986
31 32
1793 1948
1795 1795
1795 1794
3193 1615
247 3187
2073 2073
1449 1772
1 0
800 798
3146 3145
3165 707
67 66
1083 1082
3164 1055
3215 1862
1193 1192
508 148
508 149
1403 2154
1403 1402
1403 2156
1403 2152
2392 2906
2392 2390
2392 2907
52 52
52 510
52 51
1683 2936
1933 1930
915 1168
915 1731
961 957
961 955
961 1961
961 963
961 2281
961 2527
1257 1256
132 131
1766 61
1029 1491
1029 1028
1627 2148
1627 1617
2473 2470
2473 11
2856 2856
2739 3227
2739 2738
2133 2694
1950 3222
1950 1949
1471 1557
1471 1470
1471 2305
671 1400
671 1729
671 669
869 1016
1749 1748
2757 2756
2757 3234
1035 1031
3274 3273
2276 2275
2276 3181
148 430
148 147
148 201
148 154
971 970
387 386
832 2058
832 2693
832 831
859 859
904 903
579 1054
579 269
579 907
579 3315
579 1838
579 578
579 368
579 2836
579 1027
579 1617
579 1038
2494 8
2494 2936
2494 2344
2565 2564
2565 3277
332 2805
332 331
332 330
332 3125
2435 2434
2309 2417
2309 1115
1635 1752
1635 1617
1108 1285
1108 1274
1108 1286
1108 2123
1108 2122
1108 1282
2261 2017
2261 2262
611 611
611 2072
611 1757
611 2669
611 171
595 3039
595 1003
595 1052
595 3040
158 1978
158 157
141 140
141 139
141 2457
141 3269
1225 1223
985 1030
985 984
985 1679
454 451
454 1013
236 1869
574 1111
574 260
574 572
156 2989
156 15
156 1459
156 155
719 718
2455 2454
2555 2554
172 2073
172 2223
172 174
172 170
96 1302
96 3155
96 2469
96 1863
96 2472
96 5
96 1730
96 1073
96 486
96 231
96 95
96 1214
357 2139
357 1841
357 351
357 947
357 2351
416 2068
416 840
416 1826
416 596
416 947
416 2491
416 412
416 1617
2942 2954
2942 2936
2679 2675
2643 2467
2643 2641
624 2310
1975 1974
3126 3127
3126 3125
2885 2883
769 767
769 2174
2299 458
1015 1014
1015 1729
1653 1757
1653 1617
2820 2822
1330 1329
2770 2769
1182 1175
1182 1651
1182 918
322 322
2167 2166
2167 2476
2194 2193
1540 1542
2190 2189
2190 2936
2099 416
2099 1840
1072 1069
2671 2669
2671 1250
2368 2451
534 1752
534 531
534 1521
534 561
534 947
534 1751
2603 2416
33 29
33 39
33 986
33 246
33 1679
33 656
33 610
33 1273
33 190
3151 2316
3306 3305
2047 2046
940 939
1916 8
1916 2576
1916 2309
1916 1917
1916 1910
1916 2417
1916 2400
1916 2800
72 3128
72 1084
72 1381
72 74
72 1379
72 71
196 190
424 1566
1158 1157
1158 1401
1823 1821
222 2850
222 221
222 223
1681 1679
2321 2320
681 677
2189 3128
2189 2936
584 1453
584 583
2939 2936
2120 465
2080 2075
608 608
608 1595
1355 3118
1355 3042
1355 1352
1905 2362
1905 3281
1905 1045
1905 1904
2302 2301
2911 2733
433 2745
433 432
1024 2696
1024 2499
1024 1022
1024 3095
2044 2043
1593 1596
1593 609
1593 1592
2898 2895
425 424
425 1566
2128 1567
2055 2054
740 736
1884 2919
1884 1726
1884 1883
1884 2427
85 84
1146 1140
2247 1641
679 680
679 1838
679 677
679 1551
679 1078
679 1841
936 935
2436 382
2436 1039
2436 1647
2966 637
2007 2006
2007 2008
894 893
1441 3182
1441 1439
804 803
2845 2844
3261 2040
1153 1152
3188 2283
2915 2914
2915 2829
1163 1161
1410 1408
1410 2694
1917 664
1917 1910
1917 1115
1917 2413
1917 2632
788 2694
144 144
144 580
907 213
907 2836
907 2782
1622 1617
1622 2527
1847 1845
1847 1848
566 957
566 267
566 955
566 565
566 564
1534 1532
504 503
265 262
392 386
1688 1687
2114 575
2114 2756
2114 1038
552 549
552 1868
552 547
552 815
3265 3264
1198 1838
2009 2010
2899 3161
568 567
1942 1746
1942 2936
2790 2788
528 526
2752 2750
3192 3191
733 2583
733 2595
733 2587
733 732
164 1817
164 163
164 166
164 374
164 2143
164 730
164 167
164 638
2060 2936
1376 1715
1376 1377
1376 1105
1376 2335
914 1492
2135 2272
2135 2133
1910 2417
1910 1115
1910 2413
2013 2262
2284 2284
2284 1961
2284 963
2284 964
2284 2281
3016 3015
298 301
298 296
1956 1237
1956 2914
2943 2936
2403 124
3324 480
3136 2134
184 3161
184 181
184 1528
184 2861
1816 1354
204 202
2982 1253
133 134
133 2028
982 115
982 2381
1651 1617
726 212
1237 1236
1237 2681
1977 1976
389 386
389 391
389 3235
1075 2272
1075 2340
1075 1883
1075 2348
1075 1880
2139 1841
421 2975
421 418
80 2340
80 79
315 314
3123 3123
3123 3122
2250 1377
2287 3316
2287 3315
2287 668
2812 3118
2812 188
2812 3120
2812 2810
496 495
1601 792
1601 2381
1601 2830
1601 2285
1601 1600
1601 3182
1994 551
61 60
2215 2214
183 3161
183 184
183 181
183 1528
2642 2643
2642 2467
2642 2641
1469 3047
1469 3045
1469 691
2530 2701
2530 2529
270 262
270 1617
2137 2136
2137 2689
1831 1830
1831 2831
2485 2509
2485 2484
385 1054
385 1962
385 1087
385 2068
385 1644
385 840
385 381
385 1826
385 1752
385 285
385 267
385 955
385 1838
385 2281
385 1078
385 667
385 1482
385 412
385 1076
385 2124
385 1617
385 1180
385 560
385 1643
385 1508
385 2527
2850 2851
1266 1649
1266 1902
1266 1752
1266 1521
1266 561
1266 1753
1266 1617
1266 1508
2521 2520
2521 2831
1167 1166
436 638
2605 2604
3112 3252
3112 3251
3112 3111
986 984
986 2986
1058 1057
1058 1056
1058 2810
794 1550
794 793
2525 385
2126 2068
2126 1961
2126 1483
2126 373
2126 1482
2126 1643
708 2800
1112 1112
589 1745
589 2973
219 219
219 152
219 218
219 2768
219 557
549 552
549 547
549 815
178 176
2420 1381
1722 3072
952 950
198 197
198 557
1818 1817
1818 370
1033 1120
1033 1031
1033 3196
105 1289
105 3245
105 104
1151 1149
619 3128
619 1086
2438 2439
2438 2437
1833 1833
1360 1358
1517 1752
1517 1515
1517 1617
1517 1514
1517 1508
3142 864
514 513
3195 3194
285 1054
285 3098
285 1052
285 641
285 1031
285 682
285 281
1894 2808
1894 1893
414 1644
414 667
414 412
414 2527
1377 901
680 1838
680 677
680 1841
2324 2323
1941 1018
1941 1746
956 1962
956 1087
956 1315
956 955
267 1962
267 1087
267 957
267 2094
267 262
58 58
58 1829
58 56
58 1828
1844 1843
355 1198
355 1201
355 373
355 1841
355 351
355 947
355 1051
169 168
1567 1566
1567 1767
1567 2127
128 19
2226 2225
1095 1089
1095 1094
1095 1405
1304 1303
2655 2654
896 2366
896 895
1134 1133
1134 1373
523 1192
523 3026
523 1195
523 1194
523 1782
523 521
1961 1962
1961 1960
2851 2850
2644 2467
2644 2641
2697 2694
2742 2895
2333 1284
727 212
2460 2052
958 955
1081 2929
1081 1079
1081 1080
2952 2936
2064 2063
2799 2797
546 546
846 845
326 323
945 1295
945 1204
945 943
1462 1962
2029 2029
2029 85
1586 1585
2756 1054
2980 2979
1527 1526
921 2742
921 1705
921 919
1105 1102
1105 2958
1105 901
1105 1829
1105 1160
2179 2178
17 16
2938 2936
3054 3053
1499 1498
1372 1371
1598 1597
1421 1420
1025 1022
2910 2909
2910 3084
464 1113
464 1251
464 463
464 1701
464 2895
152 197
152 147
152 557
1494 1493
1494 2781
1494 1495
2267 2264
2168 2166
1154 3027
1154 1152
1154 1027
1154 3314
1571 1570
1571 1774
3057 3055
3057 3058
3057 3292
2969 2968
1787 1782
536 3316
536 1752
536 3315
536 1961
536 531
536 1753
536 1617
536 1180
536 1333
536 1643
536 1514
536 1508
612 1115
612 2413
1596 609
1596 1594
888 2702
2186 2832
2207 2205
1145 1462
1145 1140
1463 1462
2341 2340
2467 1609
1588 3267
1588 3221
1588 3
2924 2922
2208 2205
2319 2317
2083 2082
3085 3085
2651 2652
3058 3055
3058 3292
960 1175
960 955
960 1961
960 1617
960 1643
1931 1930
1931 2703
1425 1422
35 1166
35 1284
35 34
35 341
2107 2105
2418 2417
2418 2415
2418 2800
590 589
1605 1604
2041 2041
289 288
1170 1168
1170 1731
1170 3068
1340 2261
1340 2598
1340 2017
1340 1339
1340 1536
2680 3180
2680 2675
2395 2394
2681 2868
2684 2683
1982 3281
533 1175
533 531
533 1521
533 297
533 1753
533 1076
533 1617
533 532
533 1650
3005 3004
427 2340
427 2344
1602 121
2445 2444
2147 2146
2177 2175
263 262
631 2443
631 630
2037 2035
2037 2652
810 2868
810 352
959 1768
959 955
959 1462
959 2281
959 1466
576 2417
108 106
108 109
108 3236
2828 2827
2828 2829
3289 1917
826 824
125 123
125 126
235 234
928 1937
942 941
942 2962
942 2965
2176 2175
2017 2015
2371 728
2954 2936
908 1118
908 213
908 933
908 1951
2025 2023
3103 3104
3103 3102
531 3316
531 1752
531 1961
531 536
531 1753
531 1617
531 1180
531 1333
531 1514
531 1508
1776 1775
2258 2257
3144 3143
499 497
618 3163
618 1746
618 3204
618 3203
618 616
1777 1775
1777 2192
1613 2742
1613 1610
2562 2560
735 735
735 734
2010 2009
1339 2800
245 243
1697 1696
2868 2926
2160 1282
2160 1291
2253 2251
1270 1269
1270 1991
2700 2698
596 1175
596 595
596 1052
596 696
596 1038
1899 1897
163 366
1240 1239
910 910
910 909
2678 2675
2596 2595
2205 2205
1811 848
1811 2708
435 2050
435 434
435 2052
455 1687
455 1115
455 451
455 1013
3160 3159
14 2002
14 1054
14 2989
14 627
14 626
14 3039
14 1728
14 1003
14 1723
14 1838
14 373
14 1052
14 1937
14 366
14 1841
14 1121
14 12
14 1171
14 1204
1677 2651
1677 284
3053 3053
764 3048
2754 2753
274 1838
1244 1243
884 464
884 889
775 774
775 3120
775 691
2196 2195
217 1651
217 214
217 1508
262 1617
262 2527
2307 1917
2307 2417
2307 1115
2307 2936
2307 2413
2307 2934
476 471
166 1817
166 67
166 436
166 163
166 374
166 2143
166 412
166 638
166 1179
166 640
382 1055
382 381
382 285
382 1039
1483 1961
1483 1481
1483 1643
1483 2527
391 386
391 3235
363 363
363 2809
363 361
711 2394
711 2393
1680 1679
848 2559
848 847
848 1812
1148 2066
1148 1147
1148 2067
1639 3086
1639 1617
1934 1930
2414 2413
124 125
124 1116
124 123
124 1117
460 3124
460 2280
460 459
3179 3178
1521 1508
1475 1493
1475 1473
1475 1701
2883 2882
1132 1130
1132 1128
1132 2518
42 38
42 1249
42 407
2970 3118
2970 2863
2241 2240
1295 1723
1295 1727
1295 1725
309 308
309 3087
864 862
864 3140
359 844
2798 2793
2340 2427
2049 2048
2049 2088
2814 2813
2526 1643
2619 2619
2877 2868
1183 1175
1183 1651
1183 2556
1183 2552
1183 1617
1183 1514
539 539
41 1416
41 1563
41 40
41 38
41 407
2589 2587
2238 2238
2238 2519
2870 3118
2870 2868
3296 3296
1666 1666
76 74
76 73
76 71
3298 3297
1619 1756
1619 1617
857 2999
857 934
1511 840
1511 1752
1511 1186
1511 1617
1511 1514
1511 1508
1702 1919
1702 1842
1702 1701
741 1099
741 78
892 891
1150 1149
409 407
833 834
1849 1850
2783 2782
221 2850
2453 2452
2534 2769
2534 2533
1890 2428
1890 1726
1890 1883
211 2930
917 1175
917 1651
917 1752
917 1641
917 1617
917 1179
917 1508
1539 1538
3045 3120
2593 2587
2631 3206
2631 2630
2631 2936
2631 2650
806 2212
806 805
325 327
325 1918
325 323
325 2652
325 871
883 39
883 1560
883 1757
883 1653
883 656
1296 2971
1296 1723
1296 2169
1296 1727
1296 1725
375 366
375 1204
2217 1573
308 3087
1989 254
1989 1427
2504 2503
1843 1054
1843 682
1032 3315
1032 2035
1032 1838
1032 368
1032 1031
331 332
331 330
331 3125
977 976
977 2407
1126 1175
1126 1752
1126 1551
1126 1553
1126 1076
1126 1617
963 1962
963 961
963 955
963 1961
963 2281
963 2527
1006 1005
431 430
431 557
431 1238
2751 2750
2417 2415
2417 2413
924 2702
924 1868
924 922
1876 1346
1876 1344
1876 2973
3240 3239
374 2143
374 366
525 524
1736 2769
1008 1532
1958 1957
2567 2566
2228 2227
3019 661
3019 3022
3019 3023
3019 662
3019 3020
751 1
751 1042
751 1233
751 2936
751 1194
751 2344
751 2859
2542 280
728 2371
728 212
569 567
964 964
964 1962
964 1087
964 2094
964 961
964 2284
964 955
964 1961
964 963
964 2281
964 1617
964 2527
109 106
2459 1345
2459 2458
1259 1258
1192 1194
1792 1791
1862 1859
1208 2114
1208 1436
1208 1038
1208 1204
1053 1054
1053 1052
1053 1809
3238 3236
749 748
556 554
938 937
938 367
2787 2786
2613 2612
1317 1054
1317 1315
1317 1320
1317 682
1850 1849
1850 2628
929 61
929 928
1832 1830
2000 1999
2000 2344
2000 2062
300 1175
300 296
1827 46
1827 641
593 280
593 81
593 80
593 2340
593 983
593 1925
737 736
737 2816
714 3039
714 1003
714 713
2677 2675
2150 2150
1484 1104
1484 1557
1484 2958
1484 2934
1484 2305
1621 1642
1621 1617
687 3315
902 1715
902 1377
902 1105
902 2335
2949 2936
1289 1274
1413 1411
2986 2986
127 19
1470 2340
1470 2934
1840 1838
1840 2449
1996 2654
656 888
656 649
2260 2259
1473 1493
1473 1476
1041 2340
1041 1031
1675 1024
1675 1115
1855 2989
1855 2071
1855 1854
2760 2759
327 381
327 2275
327 285
327 1918
327 323
327 2652
327 871
327 283
2551 2550
2551 3207
3259 2040
1624 2210
1624 1617
2158 2157
2985 2984
3107 3106
475 471
1656 1514
1656 1634
1329 1332
1329 2975
1375 1374
2630 2936
2630 2650
2906 2908
2906 2907
438 436
438 1516
438 1617
438 825
438 640
2674 2672
2492 1467
2835 1651
1638 1617
1638 1026
1919 2204
2203 2202
2172 2648
2172 2170
2666 2974
2666 2664
465 463
2292 2290
254 253
870 869
870 1016
870 3128
870 1381
870 1378
1872 1871
2804 2803
1213 1211
820 3
1242 1241
59 901
59 56
59 1231
565 565
565 564
1784 1782
1746 1602
1746 2936
1746 3203
2378 2379
2378 2377
994 2339
994 993
1123 1752
1123 1126
1123 1551
1123 1553
1123 1076
1123 1617
1123 441
1233 3147
1233 1232
659 2505
659 657
307 3204
307 306
1485 2750
1671 3128
1671 2499
1671 1674
3295 810
1277 1274
1068 3041
792 1113
792 1610
792 791
1115 1114
1908 1115
1908 1909
233 232
2780 2779
371 1838
371 366
2901 2900
2901 2902
1771 1770
97 1302
97 95
2891 2888
2891 2889
103 102
1507 1507
1507 1617
1507 2740
264 262
264 1617
264 1643
501 2702
501 500
1349 1347
1349 2151
1349 2998
1964 1963
1964 3316
1964 3315
1964 2628
1964 2711
3037 3036
2819 2818
2528 2528
2528 2527
944 1295
944 1204
944 943
652 2105
652 1492
652 647
652 649
2846 2849
1655 1617
2326 2325
2646 2647
165 2139
165 163
165 937
165 375
165 374
165 696
165 366
165 1078
165 947
165 684
165 2351
2958 2934
473 471
1661 1660
153 152
153 147
153 557
3229 3228
2001 1999
215 214
215 1050
215 299
252 2427
121 120
121 1602
1201 1198
1943 1638
1943 1362
2825 2826
3255 3254
3285 3284
3139 3138
1662 1660
1486 1345
1486 2868
1486 1485
610 2072
610 1560
610 1757
610 611
610 2669
610 171
2511 2509
2586 2584
1454 1453
1773 1772
2875 2868
2992 2990
449 1883
2415 2413
2472 2470
2472 2469
3320 3319
1898 1897
420 2975
420 418
677 958
1654 1617
1654 2527
188 1354
188 181
188 1528
188 1352
188 3120
188 621
520 2097
520 519
863 862
863 2825
1939 1746
1939 1807
1985 1984
1045 1044
1067 1067
1067 1066
1448 2750
1448 3124
1448 3130
1448 2280
1448 1447
1448 2622
617 616
2838 2837
268 2210
268 262
1088 1962
1088 1087
1088 961
1088 963
1088 964
1088 2281
2561 2560
2086 2335
145 1532
333 716
333 330
333 3125
2101 2100
1642 1617
79 252
79 2427
1775 2192
276 1757
276 2844
276 2651
276 274
276 2035
276 366
276 402
1612 2716
1612 1610
1404 1402
1404 2156
2130 2129
2917 2916
312 2221
3209 2417
1690 1687
1690 1115
1690 2413
3150 3150
678 2073
678 677
678 1031
3190 2760
3190 3189
1497 1496
384 2747
384 1054
384 381
384 285
384 1843
384 1078
384 682
913 1315
913 57
913 2095
1477 1493
1477 1476
361 2809
1177 1175
1177 1617
1611 1616
1611 1610
2042 2041
2042 2887
2381 3182
1589 2834
1589 3
3084 3083
2349 372
57 56
2310 2310
2310 2312
5 931
5 784
5 930
5 0
5 1365
477 471
1288 1274
2306 2417
2306 1115
162 162
1979 1978
2281 1961
2281 2527
3290 2347
3290 2307
3290 3299
301 681
301 1046
301 1549
301 1089
301 296
301 1405
2498 2497
2737 2735
2737 2883
2824 2823
373 366
373 947
1103 1715
1103 1102
1103 1377
1103 901
1103 2335
1286 1274
1286 2123
1286 2122
1286 1282
3121 3121
1097 1099
1097 1096
953 952
953 2851
953 950
953 3
2707 3032
2707 1861
2522 2521
1835 1834
171 2073
171 170
1579 1578
2252 2251
1711 1164
2291 2290
63 62
63 2652
63 1197
1043 1042
1730 3155
665 1139
720 1535
720 721
134 133
134 2028
2765 2764
2908 2908
2908 2907
696 1054
696 1052
696 1841
755 2647
755 2388
755 754
755 2389
1019 8
1019 2653
1019 1017
1019 2630
1019 1115
1019 2413
1019 1356
1754 1752
1754 1050
1754 2527
1303 2028
1924 1923
2483 285
1184 1649
1184 1902
1184 1175
1184 1266
1184 1521
1184 561
1184 1753
1184 1617
1184 1508
1184 2527
1556 1555
1137 3173
53 52
53 510
53 51
104 1289
429 3076
429 427
1970 1969
562 2300
2364 28
2364 2357
1888 1883
1209 1782
1915 1910
1915 2440
2465 2420
2376 2374
2376 3148
107 106
107 980
107 2521
107 3043
189 181
189 1528
189 3043
502 1868
502 500
502 922
2246 1641
400 399
400 2719
1217 1211
2322 2320
273 273
401 1978
401 399
445 444
445 2006
445 2008
690 3044
690 3033
690 3045
690 689
690 2277
2045 2045
2045 2607
1457 1456
2416 3193
2416 2603
2416 2978
2416 1381
2416 2413
2416 2426
1998 2974
1998 1997
491 2645
491 490
491 2973
2269 2264
1822 1821
605 783
605 1946
605 604
605 981
849 2559
849 2317
849 847
1185 2363
1185 1175
2093 1054
2093 1055
2093 2089
966 3246
966 965
966 2839
2320 3236
2098 1840
2098 2449
99 2073
99 98
99 2223
99 3196
1090 1089
1090 1405
1800 1800
358 3024
358 1145
358 373
358 1841
358 351
358 1140
2125 2506
2125 1482
2125 2124
2125 1643
2725 2725
2725 2724
461 1567
802 1382
802 1410
802 1370
802 801
2345 2340
1010 1285
1010 1274
1010 1286
1010 2123
1010 2122
1010 1279
1010 1282
2337 2336
1503 1503
2994 2990
760 759
760 1559
847 2563
780 779
780 3244
1940 1746
1940 3204
1940 2936
1940 3203
1084 3128
582 581
130 129
130 224
2795 2793
3130 3131
3130 3277
116 403
116 113
116 1172
3282 3281
1381 2340
1381 3128
1381 1379
634 632
2 0
68 3176
68 373
68 1841
68 351
68 66
2904 2903
878 876
878 877
878 1837
658 2505
658 657
2658 2657
3104 3102
3040 3039
286 1559
286 281
65 64
456 451
456 1013
1927 1926
949 949
366 1838
193 190
874 1658
874 387
1971 1973
2583 2587
2718 2717
856 855
1039 1054
1039 1031
1759 1757
1759 1795
1759 610
2977 2977
282 1838
282 368
282 281
354 372
354 2349
354 373
354 366
354 1841
354 351
354 947
1500 1500
1500 1502
1781 3321
1781 496
1781 1779
1781 3318
206 205
773 185
773 2736
773 772
3069 2908
345 1962
345 1087
345 957
345 961
345 2284
345 963
345 2281
345 598
345 342
345 2527
2304 2303
335 334
335 1526
251 2220
251 250
251 2936
2279 2278
1431 1430
1716 1715
1716 1377
1716 1105
1716 2335
2585 2584
2585 2586
1060 1059
338 337
1129 1130
1129 1128
1595 1595
578 1532
2947 2936
2070 2069
930 2921
3079 3078
2240 2241
1367 1365
763 762
763 1841
763 947
1986 2140
774 2564
1842 2895
91 90
1740 590
2095 2094
2670 2669
768 767
768 2174
2243 1440
3263 3262
1665 1664
1778 1775
1778 3137
2807 3161
2807 2806
2123 1285
2123 2122
2123 1282
123 125
588 587
588 2105
588 2107
588 2761
2676 2675
2945 2936
841 839
841 1752
841 1067
841 1617
841 2527
876 1837
1600 792
1600 3182
1600 1599
738 738
738 736
738 740
249 247
1078 680
303 302
761 286
761 759
1620 1617
650 1715
650 2105
650 652
650 649
1848 1845
2634 2633
407 407
407 1139
407 410
2188 2186
2188 2832
1684 1683
1684 1381
1684 2936
360 842
360 359
360 1838
360 947
886 886
1841 1838
356 718
356 719
356 1841
356 351
1704 1996
1704 1701
1704 2895
207 950
2396 2394
2396 2395
1331 1329
2879 3118
2879 3157
2879 2868
2879 2878
3021 3019
175 2073
175 170
2771 2769
32 29
32 986
3115 3114
3115 3321
1945 1944
159 1978
159 158
159 157
159 1135
2892 204
368 1052
368 366
368 947
676 675
797 1752
797 796
797 1617
797 1634
797 1508
2594 2587
2510 2509
2777 2776
823 2293
823 822
824 641
2145 2144
1648 1617
1648 1782
1959 2936
3002 3000
2138 2136
730 2143
730 729
1705 1115
1705 2413
1705 1701
2713 476
2014 2013
927 1982
927 3235
927 926
639 680
639 638
639 1617
639 1508
772 1793
507 148
507 149
1037 1035
1037 1036
1037 1031
1086 1084
1086 1381
1396 1396
1710 1709
250 2936
2237 2236
2024 2023
2024 2192
457 2298
457 2296
457 451
457 2297
457 1013
2611 3118
2611 2827
2611 2610
609 608
609 1595
1181 840
1181 1175
1181 1517
2802 2801
872 871
2733 2730
1810 1054
1810 1808
997 995
1553 2730
1553 1551
2400 2427
2428 2427
890 464
890 1706
890 1701
890 889
1608 1606
1608 1861
1608 2800
1608 1610
717 1590
717 716
3237 3236
674 673
983 1084
983 1381
897 452
897 1909
897 2632
506 503
506 2843
506 1986
506 2270
544 543
11 0
1614 1610
1966 1965
2489 2488
70 69
645 644
288 1462
288 1140
1070 1069
1070 1072
1488 1487
721 1535
721 720
1089 1838
771 767
771 2174
668 1962
668 1087
668 1644
668 3315
668 667
668 1481
668 1617
668 1643
668 2527
561 1752
561 560
561 1508
799 798
1173 1172
122 120
122 987
2686 2685
2720 2719
3294 556
439 436
439 2350
439 640
3082 3124
723 722
1012 1011
2665 2664
2890 2888
2890 2889
2540 2538
395 1274
395 2122
395 1282
200 1978
200 197
1706 2895
1724 1723
1724 1727
2375 2374
2375 3148
3014 2332
3133 1105
765 3039
765 764
765 766
667 1617
667 1643
667 2527
2833 2832
493 493
2987 2989
2987 3003
2987 3000
2074 152
2074 3091
3001 3000
426 1679
2960 2378
1983 1516
192 194
192 1794
192 196
192 581
192 190
1574 1574
1574 568
1820 1820
692 3044
692 3045
692 689
2153 2154
2153 2152
458 2298
458 451
458 1013
167 67
167 163
167 374
167 638
7 8
7 1075
7 0
351 1838
351 1937
3117 3118
3117 2611
1338 1337
1995 1995
2334 1083
180 179
180 2774
1922 1921
947 1838
1271 1271
1686 2748
1686 1685
2005 474
598 1175
598 961
598 2284
598 1961
598 963
598 964
598 2281
1603 121
3249 3247
1142 1481
1142 1140
2972 2971
686 685
1186 1175
2466 2420
2201 2201
919 1157
919 1470
919 1959
919 2933
74 1381
74 1379
74 71
1492 1493
1492 1491
1691 1687
1691 1908
1691 2413
2313 2766
2313 2312
1395 1393
480 471
814 813
365 2809
365 363
365 361
1273 1272
1172 9
73 3128
73 1084
73 1381
73 74
73 1379
73 71
550 547
550 815
550 551
1196 8
1196 2417
1196 1192
1196 1531
1196 3158
284 281
149 430
149 147
149 201
149 154
437 436
437 442
437 640
2429 2781
2429 2427
3224 3223
731 731
1307 2151
1307 1305
1307 2998
662 3022
662 660
662 3020
411 407
1745 2974
1230 1229
2380 2379
641 958
641 677
641 638
3051 1394
3051 3132
2122 1283
2122 1282
2881 2881
683 679
683 1838
683 677
683 368
3184 3183
3162 3161
258 257
922 682
922 923
922 3129
2077 2075
228 314
228 225
3202 3201
297 681
297 1046
297 1937
297 1209
297 1549
297 1089
297 296
297 1405
494 493
2057 2233
2057 2056
752 1
1467 1462
275 274
637 637
637 635
1394 1793
1394 1392
2332 1283
2332 1282
1809 1054
1809 1808
2811 3118
2811 2812
2811 188
2811 3120
2811 2810
932 3281
932 2454
932 861
932 3052
2778 1088
2778 173
1455 2370
1455 584
1455 1453
1455 1457
1455 3082
2342 2340
2342 2841
2342 2344
2913 2912
899 898
1243 2356
1346 2973
1346 1342
818 324
818 326
2815 2813
408 750
408 407
1306 2664
1306 1347
1306 1740
1306 2151
1306 1305
1306 2998
684 677
684 1841
684 641
440 839
440 436
440 680
440 1482
440 1515
440 640
440 2527
527 526
1202 1198
2592 2587
1609 1606
1779 3318
9 0
759 1559
19 18
19 3049
1881 1883
1881 2348
1881 1880
1545 1542
3134 3134
1294 1723
1267 1649
1267 1266
1267 1521
1267 561
1267 1753
1267 1508
486 2470
1530 2863
1530 1529
1344 1346
1344 2973
1344 1342
1819 1817
1819 166
1819 2143
1819 2537
1819 2132
2918 2428
625 624
625 2310
625 2005
1765 61
1326 1325
1326 2703
1370 2696
1370 1410
1370 2903
1370 1369
1543 1542
962 3218
962 955
3216 1862
1061 1059
3006 3004
238 236
901 1715
901 1376
901 1377
901 1105
901 902
901 2335
901 900
27 26
27 2356
27 2357
48 2038
48 47
1815 1814
905 905
905 1775
905 174
405 405
405 404
405 3075
1412 1411
2412 2411
2412 2887
2412 2842
3203 3205
3203 3204
2794 2793
2794 2797
2296 1115
2600 2598
2600 3099
705 705
2187 2186
321 320
1254 2912
2249 2248
342 1962
342 1087
342 957
342 961
342 963
342 2281
342 1617
1466 1962
1466 1462
2695 2694
1205 1858
1205 2104
1205 2661
1205 1204
1668 1667
2849 2848
1879 1877
1191 2486
1191 1190
2961 2960
2369 2368
418 1258
2119 2118
137 137
379 159
379 200
981 2921
1051 1046
479 471
2391 2906
2391 2908
2391 2390
2391 2907
2391 2500
1594 1592
1582 1581
1912 1910
1036 1031
2004 2003
1320 1315
1320 682
828 2456
201 197
201 3091
201 2468
1636 1617
1741 1740
1889 1883
688 688
688 687
1726 1723
3248 3250
3248 3247
3248 3249
3317 3321
3317 1781
3198 3197
1976 3315
114 2115
114 113
114 2149
2282 1961
2626 2625
2626 1004
2860 2344
1676 1673
1676 724
1106 707
1106 2079
1572 1570
1572 1903
146 145
2817 2816
866 862
866 3140
277 274
277 2035
1009 1008
406 404
406 1203
406 3075
406 405
715 3039
715 1003
715 713
715 1220
715 2501
2615 2612
1735 1734
1735 2782
880 1119
880 879
1085 2340
1085 1084
3309 3307
1312 1390
1312 1311
2308 1115
2957 2936
1279 1274
1279 2122
1279 2332
1279 1282
1513 1651
1513 1752
1513 3315
1513 1508
1913 1910
1913 2632
1914 1910
1914 2413
2149 2272
2149 2936
653 649
1753 1752
2216 2214
529 526
1482 1961
1482 1481
1482 1643
636 2359
636 635
2425 1381
336 334
336 1408
337 337
287 1714
287 1
287 1955
287 914
287 2086
287 63
287 281
973 2959
973 972
1212 1211
2182 2181
2821 2822
2821 2820
2638 2637
1366 2934
1366 1365
1121 1723
1641 1617
2479 2479
2699 2698
210 210
648 644
648 1636
648 1796
212 61
212 928
212 211
492 280
492 2645
492 2957
492 490
2722 2722
2614 2612
2401 124
3035 3034
3257 1291
1576 1575
1734 2782
882 1119
882 879
1282 1282
1282 1283
1282 1274
260 259
1228 1838
1228 1551
1228 368
1228 1554
1228 1981
1228 3059
851 850
2408 3197
2475 2474
2357 2356
1698 1641
1490 1489
1348 1347
1531 1859
2580 2080
2580 2579
3119 3118
1558 1246
1558 3086
1631 1617
1631 2476
1223 1399
2423 1381
1169 1168
1169 1731
2523 2522
2523 2611
2635 2634
1861 2863
1861 1859
572 1054
647 644
647 1796
1747 1747
2410 2410
2920 2423
1496 1494
1496 1495
15 2989
15 585
15 12
15 1459
754 803
754 804
2081 2079
2602 2602
1094 3315
1094 1089
1094 1405
1873 1871
3077 3076
3077 2345
1092 1089
1092 1405
1092 1093
1465 1462
2976 2975
515 513
515 2595
515 2587
515 2597
340 2332
340 1282
518 517
518 1074
518 3063
3279 3278
968 1930
968 1933
968 1934
2421 1381
571 571
571 570
1883 1883
1352 3120
887 3024
887 2177
3031 3032
3031 2707
380 1978
380 159
1278 1274
854 850
2151 2973
347 957
347 267
347 1088
347 342
2462 1027
1065 1871
1065 1064
443 2075
443 2080
443 309
1379 3128
2471 2470
2471 2469
390 386
3066 3064
78 77
78 2788
1141 1140
2355 8
2355 2353
1001 2275
1001 59
2548 2546
701 696
701 260
3050 856
1253 2983
1253 1252
2283 1961
770 8
770 767
770 2174
516 513
516 2597
1050 2431
1050 3315
1050 1046
1050 1549
2078 2079
2078 2075
1107 1106
1755 1752
1755 1515
1027 1054
1027 1175
1027 679
1027 1722
1027 2089
1027 2034
1027 1515
1027 1617
1027 1508
2650 11
666 666
666 665
279 541
279 278
2624 2623
712 2394
712 711
712 2393
1764 1762
893 2359
412 2527
2729 2936
1310 1130
2184 2183
1117 124
1117 1116
1584 1583
1156 1155
2397 2394
1364 1363
1364 1429
2382 2381
2382 2383
766 3039
766 1003
766 764
766 3040
3168 3167
1478 3124
1670 1669
554 928
554 1937
554 1585
729 2143
998 1113
998 995
998 2383
2198 2195
3090 28
3090 2364
2289 2288
112 111
1195 1659
1195 1192
1195 2365
1195 1194
2096 2094
3013 2332
853 850
2552 1651
2552 2556
299 1046
299 2021
299 1067
299 1209
299 1549
299 1089
299 296
299 1405
3046 3045
0 0
1409 1408
239 236
174 1569
174 2073
174 170
174 540
1646 3234
1646 1751
1646 1027
1646 1617
3271 3270
992 8
992 991
992 1701
2934 2933
2749 2748
468 1757
468 1775
468 99
468 3196
1143 1140
2731 2730
1829 58
1829 59
2784 2450
3171 3170
3171 3175
3030 3029
415 1963
415 412
415 795
1031 1120
1031 641
296 681
296 1209
2463 1027
119 2905
119 3185
119 113
119 114
199 197
1717 1715
1717 482
2026 2028
724 212
724 223
875 174
875 825
367 1838
367 366
838 838
1160 2275
2461 2052
1732 1731
1516 1617
1516 1508
1565 1564
2998 2995
1626 1617
1626 2527
2791 2788
2016 2640
2016 2015
3283 3281
2034 682
2591 2587
3308 3307
987 987
2360 2361
545 2559
545 543
545 847
545 1802
1319 1315
1049 1175
1049 3315
1049 1046
1049 1549
1049 1050
2027 2026
71 3128
71 74
1122 1121
1122 1727
1802 1801
2206 2205
2206 2209
2173 2750
2173 2170
2979 2995
2599 2598
2599 3099
1187 1175
1187 1186
1291 1274
655 655
655 649
1076 680
1076 1838
1389 1388
1625 1617
1625 2527
573 1111
573 260
573 572
1426 1422
1909 1917
623 622
3028 3027
394 393
1287 1274
1199 1198
369 3039
369 1003
369 366
369 2711
1002 3174
1002 59
1002 1001
1637 1187
1637 1617
1637 1643
2124 1961
2124 1643
1301 1300
1324 2340
1324 1381
538 1390
538 1752
538 531
538 1641
538 1617
538 1333
538 1514
538 693
577 576
577 3209
988 121
988 987
2446 2448
918 1182
918 1651
918 917
918 1641
1459 2989
1459 1458
1763 1762
2502 2502
2031 189
2031 2030
946 1295
946 1204
946 943
1519 1960
1519 1651
1519 1617
1519 1643
1519 1508
1519 2527
3242 3241
3242 3243
2673 2672
2673 2282
1461 1460
603 602
603 2470
603 2469
603 97
603 2472
603 2314
603 3258
603 2471
603 2065
472 471
1515 1752
1515 1617
1515 1508
1617 1651
1180 1175
1180 1752
1180 1617
1180 1508
2113 2936
2113 2110
2113 2979
1362 2379
1362 2378
1362 1361
1362 2377
592 81
592 80
592 1096
2424 1381
2424 2425
1040 1031
1040 682
560 2094
560 1635
560 1752
560 1617
3108 3106
151 147
151 557
151 1364
100 98
100 1260
2744 85
89 88
89 378
261 3316
261 1752
261 2070
261 2069
261 259
261 1617
261 753
261 3186
2255 3118
2255 2254
2383 2381
1518 1617
1518 1508
2367 1297
101 98
101 1805
101 400
101 2412
881 1119
881 3024
881 1145
881 879
881 887
2639 2988
2639 2637
2889 2888
3071 3070
3214 3213
2955 2936
2955 2934
1568 2755
1568 3054
1568 3053
1568 1566
2232 2231
2103 2102
1744 1743
3120 3118
1510 840
1510 1752
1510 1186
1510 1617
1510 1514
1510 1508
1450 1449
1450 2275
1727 1723
447 509
447 446
2507 2506
2218 1573
951 209
951 2769
951 950
951 1736
951 953
951 3241
2610 3033
2573 2573
376 376
376 707
376 366
2339 2338
21 18
21 3097
2659 2659
861 2454
861 392
861 860
2865 2864
1738 1739
1738 1737
682 677
682 1031
1797 1636
2575 2574
1178 1175
1178 2210
1178 1617
339 1679
1149 2746
1194 1192
1333 1617
1900 1897
272 1063
272 271
548 552
548 547
548 815
1911 1910
1415 1414
1234 409
558 2338
558 1172
558 557
1026 679
1026 1838
1026 368
2344 2340
2344 2936
2344 2934
1314 1033
1712 957
1712 2792
442 3039
442 1003
442 436
442 2159
442 638
442 640
2036 2035
1615 2703
1615 1610
1368 1365
916 915
75 1381
75 71
1892 2272
1892 1890
1892 1883
154 147
154 557
1643 1617
428 427
1393 1392
1633 1617
470 469
3253 3252
1512 840
1512 1752
1512 1186
1512 1617
1512 1514
1512 1508
2399 2632
2399 2398
2963 2962
2963 2965
1281 1274
1281 1294
2732 2730
2536 2769
2536 2533
230 8
230 229
1179 1175
1179 67
1179 1840
1179 1617
1179 1508
1124 1227
1124 840
1124 1175
1124 1076
3003 3000
44 43
44 638
594 2272
594 81
594 836
594 80
594 2212
594 805
594 1883
2487 2486
1554 1551
1554 3059
1758 1757
1758 1794
1758 1795
2719 1872
2763 2762
25 3023
25 24
226 314
226 225
417 416
417 1840
417 412
1537 2736
1537 1536
3200 3197
3200 3272
2505 1861
383 1111
383 2747
383 1054
383 381
383 574
383 285
383 1843
383 1078
383 1809
383 260
383 572
383 682
1405 1838
1292 2169
790 3047
790 788
790 2697
790 3045
790 188
790 3120
790 3208
559 3091
559 557
2723 2722
898 3039
898 1003
466 466
466 2180
691 3044
691 689
691 1468
448 509
448 446
2991 2990
2991 2994
2991 3067
1080 1079
1080 2545
1080 2973
1080 1342
2111 2110
2884 2883
136 157
136 133
136 197
136 1548
136 134
136 1303
410 407
2878 2868
3326 2879
3212 3211
532 1649
532 1752
532 3315
532 531
532 249
532 297
532 1753
532 1617
532 3280
532 1514
532 1508
2618 1287
1438 1437
451 2415
451 2959
451 2936
1468 1861
1468 691
3096 3095
871 1918
1721 1720
2398 2400
2402 124
2896 2895
3008 1145
1587 3
459 2750
1125 2572
1125 1076
2327 2328
2419 2419
388 386
388 3156
649 1713
649 410
66 2925
66 1082
66 1008
66 2359
66 638
2688 2688
1786 1782
1689 1687
1689 1944
343 957
343 2281
343 342
2266 2269
2266 2264
1250 1249
1514 1752
1514 1186
1514 1617
1514 1508
978 976
978 2407
1443 1034
1443 1442
348 1962
348 1087
348 957
348 961
348 963
348 2281
348 342
348 2527
450 449
450 3147
450 2918
450 1883
450 2348
450 1232
1000 999
1000 3177
2406 2405
697 1175
697 696
697 641
697 1617
697 1514
877 877
877 876
877 1837
13 1962
13 1087
13 957
13 1175
13 961
13 2281
13 342
13 12
13 1617
13 2527
45 381
45 285
45 43
1479 1965
1479 3124
1479 1478
1264 1263
2311 2310
2040 2039
2312 2312
2312 2325
2312 2310
900 900
900 1715
900 1376
900 1377
900 1105
900 902
900 2335
1700 1698
2052 2050
2950 2936
227 314
227 225
852 850
1452 1451
87 86
2775 2774
118 113
118 1663
2859 2936
2859 2934
2859 2344
6 677
6 0
835 836
835 2340
835 2344
835 2859
2318 2317
748 748
748 185
748 2736
2897 1917
2897 2936
2897 2895
2230 2229
3287 3286
2704 1861
844 842
352 2877
352 1841
352 351
512 511
2772 3196
2941 2936
2706 1861
3116 3114
795 3316
2931 3225
2800 2936
2297 2297
2297 2298
2297 457
2297 458
2297 2296
551 547
551 815
1645 1752
1645 1617
1645 1514
1657 283
1657 1772
1634 1651
1634 1617
744 742
2806 2886
782 1068
782 781
782 32
2789 2788
1419 1417
537 1649
537 1902
537 1175
537 1752
537 680
537 3315
537 531
537 1521
537 1682
537 249
537 297
537 1751
537 1753
537 1617
537 3280
537 1514
537 1508
537 2527
2712 476
2354 2353
2354 2355
1023 1022
1004 3039
1004 1003
1004 2625
1504 1707
1504 2895
1048 957
1048 2969
1048 1046
1048 1126
1048 1549
2271 2274
2271 2348
483 1493
483 482
483 2981
483 481
3132 3131
698 700
698 696
698 1078
698 260
698 1459
698 699
785 783
785 605
785 981
923 922
1541 1540
364 363
364 361
364 2277
1725 1723
1725 1727
3141 3140
1798 1636
1798 1650
2058 2277
693 693
3210 577
663 2417
1038 1838
1038 1031
1038 1839
2853 2852
2853 3273
1476 1493
329 323
3020 3019
3020 3022
3020 662
1692 1687
1692 2110
2928 2927
20 18
20 3097
1592 609
266 262
266 1617
266 3325
2051 435
2051 2050
2051 2262
801 1370
2197 2196
2197 2195
586 1054
586 2989
586 585
2743 2742
2743 2895
1130 1128
295 1119
295 2801
295 2868
295 2430
295 879
295 2831
295 294
1480 1466
657 3118
2691 2690
135 157
135 133
1932 1930
1932 1934
2871 2868
2389 2388
3230 3228
3230 3229
3233 3231
2829 2827
2387 2386
34 1166
34 35
34 2160
34 341
362 363
362 361
231 2066
231 2065
2932 2931
1944 2936
1944 2934
1885 1883
3256 1291
1585 1585
1445 1444
2967 2424
1853 1852
2578 2577
555 554
555 1725
809 810
809 352
996 995
441 1752
441 436
441 1126
441 1551
441 1553
441 1617
441 640
2797 2793
10 2053
10 1172
10 0
597 595
432 432
432 2745
2964 2962
1799 1636
825 824
825 875
1423 1422
2112 2110
1672 1671
1672 1045
1672 1674
3288 1917
1828 58
1828 2810
787 3316
787 786
1610 2716
2715 2714
829 2524
829 828
1365 5
1505 1504
453 451
453 1013
1907 1906
2330 2329
2458 1345
313 312
993 2338
1618 3315
1618 1961
1618 1617
1618 3314
2336 2395
1357 331
92 90
1674 1024
1674 2499
1674 3095
1427 1426
2331 2329
990 1428
990 989
1694 1693
542 541
542 279
3220 3219
709 708
709 2800
819 819
1128 1130
462 461
462 1365
3018 1873
1867 1866
2894 3118
2894 2893
1140 1962
1140 1462
633 632
1760 1757
1760 1775
1760 2670
283 281
827 826
827 193
827 824
1854 2989
1854 2404
1854 2987
2352 2877
2352 373
1647 3266
1647 382
1647 1039
1647 1617
1629 1617
1629 2476
613 1917
613 612
613 2417
613 1115
613 2413
1335 1334
237 236
3007 2080
1993 1992
2155 2152
640 736
640 638
2373 2372
808 807
1628 1752
1628 3249
1628 1617
3268 2397
2590 2587
1632 1617
1632 2476
710 708
710 2417
710 709
2263 3045
2263 2262
889 1113
889 1701
889 2895
2305 2305
2305 2958
94 93
1293 3037
1293 1292
1293 3038
912 911
1276 1274
1276 1282
3313 3312
3025 3025
2316 2315
2316 3152
1839 1838
1650 1650
1650 1641
1650 1617
553 140
553 1506
553 1987
553 3269
2351 373
2351 1841
1520 1649
1520 2364
1520 1641
1520 1617
1520 1514
1520 1650
1520 1508
220 218
2008 2006
2516 2515
1343 2974
1343 1342
1316 1569
1316 1315
1316 3196
2191 2189
2191 2936
223 3267
223 221
223 290
248 247
248 3187
758 757
1807 1806
2142 304
2450 2449
2361 2360
3323 3322
2141 2140
654 647
654 649
397 395
243 2018
2224 209
2224 1587
3073 3072
746 745
1101 1096
1607 1606
3101 3100
1875 2105
1875 1874
1226 1453
1226 1838
1226 368
1226 1456
1865 1864
1640 726
1640 1617
1952 1951
1952 2242
2621 2620
891 775
891 2262
891 691
891 1468
1164 1161
1215 1211
2295 2294
3177 3177
467 99
467 3196
2649 2650
1093 1089
1093 1405
843 842
843 1838
2088 2222
2088 2087
1091 1095
1091 1089
1091 1094
1091 1405
319 318
346 1962
346 1087
346 957
346 2094
346 1175
346 961
346 1769
346 2284
346 955
346 963
346 2281
346 342
346 1617
346 343
346 2527
601 1354
601 2861
601 600
601 2121
601 3045
522 1192
522 3026
522 1195
522 1194
522 1782
522 521
858 857
858 1027
858 3314
1356 2631
1356 2650
1356 2649
2286 668
3167 3166
1100 1096
1100 1388
1100 1101
1144 1140
271 3023
583 1965
583 1479
2235 2234
2442 2441
1762 2482
909 2204
909 2307
909 1861
478 471
2422 1381
2422 2920
37 1166
37 35
37 2160
37 34
37 341
150 430
150 148
150 147
150 149
150 201
150 2887
1719 1718
244 2073
244 243
2109 2108
607 3118
607 606
607 850
607 352
607 3000
607 220
50 49
50 2687
50 1271
50 2880
50 1204
50 1929
50 830
2090 1054
2090 3072
2090 1078
2090 2089
2090 3074
1508 1752
1176 1175
1176 1588
2409 2408
2512 2509
2547 2548
2547 2546
1260 1260
1523 1752
1523 1186
1523 1514
1523 1508
2171 2170
302 1414
302 1415
1407 1406
2085 2239
2085 2084
2668 2667
1214 245
1214 1868
1214 1211
2923 2922
353 1841
353 356
353 351
2636 2634
2192 2223
2996 2995
1495 1495
1495 1493
1495 1496
699 696
699 1078
699 1459
3154 3073
1750 1748
2937 2936
341 1284
341 340
1384 2413
1880 1883
1275 1274
203 202
203 204
2493 8
3 0
1581 1580
1174 1172
126 125
126 123
2944 2936
732 2587
703 702
703 2758
703 2672
2705 1861
3017 2744
1351 1350
2858 2344
1733 1731
1378 1383
1378 1381
1235 409
599 2284
599 345
599 598
599 2096
599 1617
599 348
1954 1953
3038 3037
291 290
291 223
591 81
591 80
591 2831
1342 2545
2796 2793
2796 2797
2710 2709
651 653
651 649
2062 2060
1418 821
1418 1417
234 234
1047 1046
1047 1549
1047 1089
1047 1050
1047 1405
489 488
489 621
615 614
2244 1440
2244 2243
2773 2772
173 2073
173 2778
173 1062
173 170
173 540
1836 1836
419 2975
419 418
1580 1581
3012 3011
1851 1851
1851 1852
