1200 1
3162 6
4026 9
1869 1
4024 
4025 9
4022 
4023 9
4020 9
4021 9
4028 9
4029 9
344 0
345 0
346 0
347 0
340 0
341 0
342 0
343 0
3997 9
3996 9
3995 9
3994 9
348 1 2 3
349 2
3991 9
3990 9
1511 1
1653 1
512 2
1564 1
2318 7
2319 7
2316 7
2317 7
2314 7
2315 7
2312 7
2313 7
2310 7
2311 7
298 0
299 0
296 0
297 0
294 0
295 0
292 
293 0
290 0
291 0
3773 8
3772 8
3771 8
3770 8
3777 8
3776 8
3775 8
3774 8
3779 8
3778 8
270 0
271 0
272 0
273 0
274 0
275 0
276 0
277 0
278 0
279 0
1992 7
738 4
2814 6
2268 7
2269 
2262 7
2263 7
2260 7
2261 7
2266 7
2267 7
2264 7
2265 7
2442 7
2443 7
2440 7
2441 7
2446 7
2447 7
2444 7
2445 7
2448 7
2449 7
2189 7
108 0
109 0
102 0
103 0
100 0
101 0
106 0
107 0 1 3 6
104 0
105 0
2046 7
2047 7
2044 7
2045 7
2042 7
2043 7
2040 7
2041 7
2188 7
2048 7
2049 7
3150 6
2839 6
2838 6
45 0
3238 6
2836 6
2835 6
1784 1
3519 8
3518 8
3513 8
3512 8
3511 8
3510 8
3517 8
3516 8
3515 8
3514 8
1420 1
2688 6
2689 6
2684 6
2685 6
2686 6
2687 6
2680 6
2681 6
2682 6
2683 6
1436 1
122 0
3999 9
1437 1
645 3
3998 9
1434 1
99 0
98 0
1435 1
91 0
90 0
93 0
92 0
95 0
94 0
97 0
96 0
1991 7
3206 6
3205 6
1620 1
3203 6
3202 6
3201 6
1624 1
1999 7
1998 7
1629 1
1628 1
3209 6
3208 6
2860 6
2861 6
2862 6
2863 6
559 2 3
2865 6
2866 6
2867 6
2868 6
2869 6
557 2
556 2 3
551 2
550 
553 2 3
552 2
4010 
1502 1
1439 1
1199 1
1198 1
3348 6
3349 6
1191 1
1190 1
1193 1
1192 1
1195 1
1194 1
1197 1
1196 1
1759 1
1758 1 6
1757 1
1756 1
1755 1
1754 1
1753 1
1752 1
1751 1
1750 1
1177 1
1176 1
1175 1
1174 1
1173 1
1172 1
1171 1 6
1170 1
1179 1
1178 1
1007 1
1006 1
1005 1
1285 1
1284 1
1287 1
1286 1
1281 1
1280 1
1283 1
1282 1
1003 1
1289 1
1288 1
1002 1
876 5
1579 1
1578 1
689 4
1001 1
877 5
1573 1
1572 1
1571 1
1570 1
1577 1 7
1576 1
1575 1
1574 1
662 3
623 3
875 
819 4 5
622 3
872 5
1240 1
1225 1
873 5
2966 6
1224 1
870 5
1223 1
3437 8
1222 1
2741 6
1221 1
2740 6
2747 6
1220 1
2743 6
1371 1
1370 1
1373 1
1372 1
1375 1
1374 1
1377 1
1376 1
1379 1
1378 1
1342 1
409 2
408 2
3834 8
3835 8
3836 8
3837 8
3830 8
3831 8
3832 8
3833 8
1344 1
2746 6
3838 8
3839 8
1345 1
4031 9
4030 9
4033 9
4032 9
4035 
4034 9
4037 9
4036 9
4038 9
1347 1
1245 1
265 0
379 2
378 2 3
647 3
371 2
370 2 3
373 2 3
372 2
375 2
374 2 3
377 2
376 1 2 3
1244 1
393 2
392 2
391 2 3
390 2
397 2
396 2
395 2 3
394 2 3
399 2
398 2
2309 7
2308 7
2301 7
2300 7
2303 7
2302 7
2305 7
2304 7
2307 7
2306 7
898 1
1246 1
3748 
3749 8
3746 8
3747 8
3744 8
3745 8
3742 8
3743 8
3740 8
3741 8
245 0
244 0
247 0
246 0
241 0
240 0
243 0
242 0
249 0
248 0
2275 7
2274 7
2277 7
2276 7
2271 7
2270 7
2273 7
2272 7
2279 7
2278 7
2337 7
2459 7
2458 7
2455 7
2454 7
2457 
2456 7
2451 7
2450 7
2453 7
2452 7
179 0
178 0
177 0
176 0
175 0
174 0
173 0 2 3
172 0
171 0 1 6
170 0
2051 7
2050 7
2053 7
2052 7
2055 7
2054 7
2057 7
2056 7
2059 7
2058 7
3692 8
3693 8
3694 8
3695 8
3696 8
3697 8
1501 1
3089 6
3088 6
1110 1
1367 1
1504 1
651 1 3
3526 8
3527 8
3524 8
3525 8
3522 8
3523 8
3520 8
3521 8
1508 1
3528 8
3529 8
1364 1
1509 1
338 0
3080 6
3225 6
658 3
2699 6
1976 7
2697 6
2696 6
2695 6
3082 6
2693 6
2692 6
2691 6
2690 6
3226 6
1973 7
1972 7
3223 6
3222 6
1362 1
3232 6
3233 6
3230 
3231 6
3236 6
3237 6
1618 1
1619 1
1616 1
1617 1
1614 1
1615 1
1612 1
1613 1
1610 1
1611 1
1749 1
1363 1
2873 6
2872 6
2871 6
2870 6
2877 6
2876 6
2875 6
2874 6
2879 6
2878 6
3355 6
3354 6
3357 6
3356 6
3351 6
3350 6
3353 6
3352 6
1360 1
3359 6
3358 6
1768 1
1769 1
1361 1
1762 1
1763 1
1760 1
1761 1
1766 1
1767 1
1764 1
1765 1
1142 1
1143 1
1140 1
1141 1
1146 1
1147 1
1144 1
1145 
1148 1
1149 1
768 4
769 4 5
2762 6
1546 1
1547 1
690 4
1545 1
1542 1
1543 1
1540 1
1541 1
698 4 5 8
699 4
1548 1
1549 1
542 2 3
543 2
540 2
541 2
546 2
547 2
544 2 3
545 2
548 2
549 2
1782 1
1783 1
400 2 3
2969 6
2968 6
1786 1
1787 1
2799 6
9 0
414 1 2 3
415 2
416 2
417 2
1388 1
1389 1
412 2 3
413 2
1384 1
1385 1
1386 
1387 1
1380 1
1381 1
1382 1
1383 1
3827 8
3826 8
3825 8
3824 8
3823 8
3822 8
3821 8
3820 
1507 1
2769 6
3829 8
3828 8
2768 6
1292 1
3042 6
2099 7
2763 6
368 2
369 2
366 1 2
367 2
364 2
365 2
362 2
363 1 2 3
360 2
361 2
1945 7
380 2
381 2
382 2
383 2
384 2
385 2
386 2
387 2
388 2
389 1 2
2065 7
1369 1
1243 1
1253 1
1077 1
2792 6
3759 8
3758 8
3751 8
3750 8
3753 8
3752 8
3755 8
3754 8
3757 8
3756 8
2190 7
2191 7
2192 7
259 0
2194 7
2195 
2196 7
2197 7
2198 7
253 0
250 0
251 0
256 0
257 0
254 0
255 0
2200 7
2201 7
2202 7
2203 7
2204 7
2205 7
2206 7
2207 7
2208 7
2209 7
1301 1
2428 7
2429 7
2420 7
2421 7
2422 7
2423 7
2424 7
1849 1
2426 7
2427 7
901 1
168 0
169 0
164 0
165 0
166 0
167 0
160 0
161 0
162 0
163 0
3689 8
3688 8
3683 8
3682 8
3681 8
3680 8
3687 8
3686 8
3685 8
3684 8
110 0
2796 6
2518 7
2519 7
1980 7
2514 7
2515 7
2516 7
2517 7
2510 7
2511 7
2512 7
2513 7
2734 6
2735 6
2736 6
2737 6
2730 6
2731 6
2732 6
2733 6
2738 6
2739 6
3531 8
3530 8
3533 8
3532 8
3535 8
3534 8
3537 8
3536 8
3539 8
3538 8
1091 1
1814 1
1815 1
1816 1
1817 1
1810 1
1811 1
1812 1
1813 1
1093 1
1818 1
1819 1
1107 1
300 0
1098 1
1087 1
2795 6
1099 1
673 3
1609 1
1608 1
3229 6
3228 6
1979 7
1978 7
1601 1
1600 1
3227 6
1602 1
1605 1
1604 1
1607 1
1606 1
809 4
808 4
803 4 5
802 4
801 
800 4 5
807 4
806 4
805 4 5
804 4 5
2848 6
2849 6
2846 6
2847 6
2844 6
2845 6
2842 
2843 6
2840 6
2841 6
3320 6
3321 6
3322 6
3323 6
3324 6
3325 6
3326 6
3327 6
3328 6
3329 6
1259 1
1775 1
1774 1
1777 1
1776 1
1771 1
1770 1
1773 1
1772 1
1779 1
1778 1
321 0
1990 7
326 0
327 0
2998 6
1159 1
1158 1
2999 6
1155 1
1154 1
1157 1
1156 1
1151 1
1150 1
1153 1
1152 1
2807 6
59 0
58 0 1 6
1551 1
1550 1
1553 1
1552 1
1555 1
1554 1
1557 1
1556 1
1559 1
54 0
57 0
56 0
51 0
2995 6
53 0
52 0
537 2
55 0
535 2
534 2
533 2
532 2
531 2
1558 1
1518 1
2992 6
539 2
538 1 2
2993 6
303 0
2994 6
50 0
1906 1
36 0
1868 1
2996 6
1907 1
2997 6
1904 1
1975 7
1905 1
536 2
3290 6
1903 1
429 2
428 1 2 3 7
1900 1
1399 1
1398 1
1397 1
1396 1
423 2 3
1394 1
1393 1
1392 1
427 2 3
426 2
3812 8
3813 8
3810 8
3811 8
3816 8
3817 8
3814 8
855 4
3818 8
530 2
856 4 5
857 5 8
3627 8
850 4
302 0
3457 8
3454 8
853 4
1841 1
1443 1
1321 1
1971 7
1921 7
1324 1
1425 1
4005 9
1970 7
2183 7
2182 7
2181 7
2180 7
2187 7
2186 7
229 0
228 0
227 0
226 0
225 0
224 0
223 0
222 0
221 0
220 0
2213 7
2212 7
2211 7
2210 7
2217 7
2216 7
2215 7
2214 7
2219 7
2218 7
151 0
150 0
153 0
152 0
155 0
154 0
157 0
156 0
159 0
158 0
2431 7
2430 7
2437 7
2436 7
2435 7
2434 7
1161 1
123 0
2974 6
2509 7
2508 7
2507 7
2506 7
2505 7
2504 7
2503 7
2502 7
2501 7
2500 7
2727 6
2726 6
2725 6
2724 6
2723 6
2722 6
2721 6
2720 6
2729 6
2728 6
125 0
1807 1
1806 1
1805 1
1804 1
1803 1
1802 1
1801 1
1800 1
3788 8
3789 8
1809 1
1808 1
126 0
1368 1
632 3
127 0
3258 6
3259 6
1948 7
1949 7
1257 1
3250 6
3251 6
1940 7
1941 7
3254 6
1947 7
1944 7
3257 6
818 4
0 0 1
1255 1
810 4 5
811 4 5
812 4
813 4
814 4
815 4
816 4
817 4
2859 6
1623 1
3495 8
1522 1
1622 1
2851 6
2850 6
2853 6
1523 1
2855 6
1621 1
2857 6
2856 6
1490 1
1491 1
1492 1
1493 1
1494 1
1495 1
1496 1
1497 1
1498 1
1627 1
3339 6
3338 6
1395 1
1626 1
1700 1
1701 1
1702 1
1703 1
1704 1
1625 1
1706 1
1707 1
1708 1
1709 1
3200 6
424 2
1391 1
3658 8
1390 1
2090 7
1128 1
1129 1
2834 6
1120 1
1121 1
1122 1
1123 1
1124 1
1125 1
1126 1
1127 1
313 0
2989 6
2988 6
3029 6
3028 6
2983 6
2982 6
2981 6
2980 6
2987 6
2986 6
2985 6
2098 7
524 2 3
525 2
526 1 2
527 2
1018 1
1019 1
522 2
523 2
1014 1
1015 1
1016 1
1017 1
1010 1
1011 1
1012 1
1013 1
1234 1
1235 1
1236 1
1237 1
1230 1
1231 1
1232 1
1233 1
304 0
1238 1
1239 1
305 0
306 0
307 0
2486 7
438 2 3
439 2
436 2 3
437 2
434 2 3
435 2
432 2
433 2
430 2
431 2 3
3809 8
3808 8
3805 8
3804 8
3807 8
3806 8
3801 8
3800 8
3803 8
3802 8
1630 1
2975 6
2864 6
558 2 3
2678 6
1967 7
555 2
3797 8
554 2
1162 1
49 0
1960 7
2247 7
1961 7
995 1
2949 6
994 1
2948 6
997 1
996 1
238 0
239 0
234 0
235 0
236 0
237 0
230 0
231 0
232 0
233 0
2944 6
993 1
2228 7
2229 7
2226 7
2227 7
2224 7
2225 7
2222 7
2223 7
2220 7
2221 7
1 0
1433 1
146 0
147 0
144 0
145 0
142 0
143 0
140 0
141 0
999 1
148 0
149 0
120 0
2088 7
2089 7
121 0
2082 7
2083 7
2080 7
2081 7
2086 7
2087 7
2084 7
2085 7
3342 6
2538 7
2539 7
3343 6
2532 7
2533 7
2530 7
2531 7
2536 7
3340 6
2534 7
2535 7
2712 6
2713 6
2710 6
2711 6
2716 6
2717 6
2714 6
2715 6
3346 6
2718 6
2719 6
3347 6
128 0
3344 6
129 0
3345 6
2671 6
1832 1
1833 1
1830 1
1831 1
1836 1
3798 
1834 
1835 1
3795 8
3794 8
1838 1
3796 8
3791 8
3790 8
3793 8
3792 8
2154 7
2155 7
2156 7
2405 7
2150 7
2151 7
2152 7
2153 7
933 1
932 1
931 1
930 1
2158 7
936 1
935 1
2409 7
2829 6
136 0 7
1955 7
1954 7
1957 7
1956 7
1951 7
1950 7
1953 7
1952 7
1959 7
1958 7
3249 6
3248 6
3243 6
3242 6
3241 6
3240 6
3247 6
3246 6
3245 6
3244 6
829 4
828 4 5
825 4 5
824 4
827 4
826 4
821 4
820 4
823 4 5
822 4
3097 6
2284 7
1536 1
1993 7
1483 1
1482 1
1481 1
1480 1
1487 1
1486 1
1485 1
1484 1
3306 6
3307 6
1489 1
1488 1
3302 6
3303 6
3300 6
3301 6
1713 1
1712 1
1711 1
1710 1
1717 1
1716 1
1715 1
1714 1
1719 1
1718 1 7
2413 7
799 4
798 4 5
1270 1
2144 7
1271 1
2143 7
1272 1
2414 7
1139 1
1138 1
2417 7
1133 1
1132 1
1131 1
1130 1
1137 1
1136 1
1135 1
1134 1
920 1
1276 1
2418 7
1277 1
3142 6
3018 6
3019 6
1994 7
3012 6
3013 6
3010 6
3011 6
3016 6
3017 6
3014 6
3015 6
519 2
518 2
926 1
1009 1
1008 1
511 2
510 2
513 2 3
1004 1
515 2 3
514 2 3
517 1 2
1000 1
1227 1
1226 1
621 3
620 3
627 3
626 3
625 3
624 
629 1 3
628 3
1229 1
1228 1
2882 6
2883 6
2880 6
2881 6
2886 6
2887 6
2884 6
2885 6
2888 6
2889 6
2 0
3878 8
3879 8
1561 1
3870 8
3871 8
3872 8
3873 8
3874 8
3875 8
3876 8
3877 8
2958 6
11 
10 0
13 0
12 
15 
14 0
17 0
16 0
19 0
18 
3118 6
3274 6
3275 6
2959 6
3272 6
3273 6
3904 8
3905 8
3906 8
3907 8
3900 8
1926 7
3902 8
3903 8
928 1
3271 6
3908 8
3909 8
929 1
1471 1
688 4
201 0
200 0
203 0
202 0
205 0
204 0
207 0
206 0
209 
208 0
830 4 5
1352 1
685 3
831 4
684 3
836 4
687 4
837 4
2239 7
2238 7
686 4
834 4
998 1
2231 7
2230 7
2233 7
2232 7
2235 7
2234 7
2237 7
2236 7
683 3
682 3
2185 7
3498 8
3499 8
3496 8
3497 8
3494 8
2184 7
3492 8
3493 8
3490 8
3491 8
2095 7
2094 7
2097 7
2096 7
2091 7
3659 8
2093 7
2092 7
3654 8
3655 8
3656 8
3657 8
3650 
3651 8
3652 8
3653 8
2525 7
2524 7
2527 7
2526 7
2521 7
2520 7
2523 7
2522 7
1303 1
2529 7
2528 7
2791 6
2709 6
2708 6
2705 6
2704 6
2707 6
2706 6
2701 6
2700 6
2703 6
2702 6
1829 1
1828 1
2951 6
1825 1
1824 1
1827 1
1826 1
1821 1
1820 1
1823 1
1822 1
2147 7
2146 7
2145 7
2412 7
2415 7
2142 7
2141 7
2140 7
2419 7
921 1
922 1
923 1
924 1
925 1
2149 7
2148 7
2411 7
1920 7
3277 6
1922 7
1923 7
1924 7
1925 7
3270 6
1927 7
1928 7
1929 7
475 1 2 3
3278 6
3279 6
3474 8
3475 8
3476 8
3477 8
3470 8
3471 8
3472 8
3473 8
838 4
839 4
3478 8
3479 8
1365 1
3 0
359 2
3319 6
3318 6
2594 7
3311 6
3310 6
3313 6
3312 6
3315 6
1987 7
3317 6
3316 6
784 4
785 4
786 4
787 4
780 4
781 4
1728 1
1729 1
1726 1 6
1727 1
1724 1
1725 1
1722 1
1723 1
1720 1
1721 1
468 2
2439 7
60 0
61 0
62 0
2438 7
64 0
65 0
66 0
3002 6
68 0
69 0
3009 6
3008 6
407 2
1588 1
1589 1
406 2
1582 1
1583 1
1580 1
1581 
1586 1
1587 1
1584 1
3314 6
2433 7
1038 1
1039 1
508 2
2432 7
1032 1
1033 1
1030 1
1031 1
1036 1
1037 1
1034 1
1035 1
1212 1
1213 1
1210 1
1211 1
1216 1
1217 1
1214 1
637 1 3
638 
639 3
1218 1
927 1
2416 7
2899 6
782 4
2895 6
2894 6
2897 6
783 4
2891 6
2890 6
2893 6
2892 6
1454 1
1455 1
1456 1
1457 1
1450 1 6
1451 1
1452 1
1453 1
1458 1
1459 1
1108 1
1109 1
3869 8
3868 8
3863 8
3862 8
3861 8
3860 8
3867 8
3866 8
3865 8
789 4
3737 8
322 0
3736 8
681 3
323 0
1977 7
691 4
1890 1
1891 1
1892 1
466 2
680 3
320 0
3917 8
3916 8
3915 8
3914 8
3913 8
3912 8
3911 8
3910 8
3147 6
3919 8
3918 8
1636 1
2794 6
3070 6
1423 1
2131 7
216 0
217 0
214 0
215 
212 0
213 0
210 
211 0
218 0
219 0
578 3
788 4
956 1
939 1
4 0
324 0
3073 6
3489 8
3488 8
3182 6
3481 8
3480 8
3483 8
3482 8
3485 8
3484 8
3487 8
3486 8
325 0
3649 8
3648 8
3647 8
3646 8
3645 8
3644 8
3643 8
3642 8
3641 8
3640 8
2550 7
3005 6
2552 7
2553 7
2554 7
2555 7
2556 7
3004 6
2558 7
2559 7
3595 8
3007 6
2396 7
2397 7
2394 7
63 0
2392 7
2393 7
2390 7
2391 7
3022 6
3001 6
2398 7
2399 7
2778 6
2779 6
3003 6
2649 7
2770 6
2771 6
2772 6
67 0
2774 6
2775 6
2776 6
2777 6
2802 6
3076 6
2803 6
3164 6
312 0
1858 1
1859 1
3165 6
1850 1
1851 1
1852 1
1853 1
1854 1
1855 1
1856 1
1857 1
2172 7
2173 7
2170 7
2171 7
919 1
918 
2174 7
2175 7
915 1
914 1
917 1
2805 6
911 
910 1
913 1
912 1
2604 7
2605 7
2606 7
2607 7
2600 7
2601 7
2602 7
2603 7
2608 7
2609 7
3261 6
1932 7
3263 6
3262 6
3265 6
3264 6
1935 7
3266 6
3269 6
3268 6
1939 7
1938 7
1348 1
1424 1
847 4
846 4
3465 8
844 4
843 4
842 4
841 4
840 4 5
1090 1
1426 1
849 4
848 4
1632 1
1429 1
1428 1
1995 7
3361 6
3944 8
1585 1
1739 1
1738 1
1731 1
1730 1
1733 1
1732 1
1735 1
1734 1
1737 1
1736 1
732 4
753 4 5
3782 8
751 4
750 4
757 4
756 4
755 4
754 4
759 4
509 2
3780 8
3946 8
1595 1
3071 
1597 1
3781 8
3074 6
3075 6
1593 1
1592 1
2954 6
3079 6
2956 6
2957 6
1599 1
1598 1
2952 6
3787 8
1025 1
1024 1
1027 1
1026 1
1021 1
3784 8
1023 1
1022 1
660 3
502 2
3785 8
1029 1
1028 1
503 2
500 2 3
501 2
605 3
604 3
607 
606 1 3
601 1 3
1208 1
603 3
602 
1205 1
1204 1
1207 1
1206 
609 3
608 
1203 1
1202 1
633 3
634 3
635 3
3108 6
636 3
3104 6
3105 6
3106 6
1215 1
3100 6
3101 6
3102 6
3103 6
1447 1
1446 1
1445 1
1444 1
1115 1
1114 1
1117 1
1440 1
1119 
1118 1
1506 1
1351 1
1449 1
1448 1
1219 1
1357 1
1356 1
1355 1
489 2
488 2
487 2
486 2
485 2
484 1 2
483 1 2 3
482 2
481 2
480 2 3
991 1
990 1 6
3922 8
3923 8
3920 8
3921 8
3926 8
3927 8
3924 8
3925 8
3928 8
3929 8
124 0
3993 9
1565 1
3992 9
3856 
3857 8
3854 8
3855 8
3852 8
3853 
3850 8
3851 8
992 1
3858 8
3859 8
3947 8
2898 6
1567 1
1974 7
2288 7
2896 6
199 0
198 0 2
2289 7
195 0
194 0
197 0
196 0
191 0
190 0
193 0
192 0
3678 8
3679 8
3672 8
3673 8
3670 8
3671 8
3676 8
3677 8
3674 8
3675 8
2543 7
2542 7
2541 7
2540 7
2547 7
2546 7
2545 7
2544 7
3006 6
2549 7
2548 7
1104 1
2381 7
2380 7
2383 7
2382 7
2385 7
2384 7
2387 7
2386 7
2389 7
2388 7
1103 1
3580 8
3581 8
3582 8
3583 8
3584 8
3585 8
3586 8
3587 8
3588 8
3589 8
2761 6
2760 6
2767 6
2766 6
2765 6
2764 6
902 1
903 1
900 1
1848 1
906 1
907 1
904 1
905 1
1843 1
1842 1
908 1
1840 1
1847 1
1846 1
1845 1
1844 1
1942 7
2169 7
2168 7
1943 7
2165 7
2164 7
2167 7
2166 7
2161 7
2160 7
2163 7
2162 7
2617 7
2616 7
2615 7
3253 6
2613 7
2612 7
2611 7
2610 7
1946 7
2619 7
2618 7
3298 6
3256 6
1908 1
1909 1
3294 6
3295 6
3296 6
3297 6
1902 1
3291 6
3292 6
1901 1
3452 8
3453 
3450 8
3451 
3456 8
851 4
852 4
3455 8
3458 8
3459 8
858 5
859 5
3293 6
1186 1
6 0
425 2
3864 8
1184 1
740 4
741 4
742 4
743 4
744 4
745 4 5
746 4
747 4 5
748 4
749 4
1799 1
3063 6
3062 6
3061 6
3060 6
3067 6
3066 6
3065 6
3064 6
2947 6
2946 6
2945 6
3068 6
2943 6
2942 6
2941 6
2940 6
1050 1
1051 1
1052 1
1053 1
1054 1
1055 1
1056 1
1057 1
1058 1
1059 1
718 4
1696 1
1697 1
1694 1
1695 1
1692 1
1693 1
1690 1
1691 1
1791 1
1698 1
1699 1
1278 1
1279 1
618 3
619 3
612 3
613 
610 3
611 3
616 3
617 3
614 3
615 3
1795 1
2596 
1794 1
3333 6
3119 6
3332 6
3117 6
3116 6
3115 6
3114 6
3113 6
3112 6
3111 6
3110 6
1472 1
1473 1
1470 1
3330 6
1476 1
1477 1
1474 1
1475 1
3337 6
1478 1
1479 1
3336 6
1304 1
1305 1
1306 1
1307 1
1300 1
3335 6
1302 1
2595 7
3334 6
1308 1
1309 1
2804 6
2597 7
498 2
499 2
2590 7
1499 1
494 2
495 2
496 2 3
497 2
490 2
491 2
492 2 3
493 2
24 0
25 0
26 0
27 0
20 0
21 0
22 0
23 0
2593 7
28 0
29 0
2591 7
3939 8
3938 8
3935 
3934 8
3937 8
3936 8
3931 8
3930 8
3933 8
3932 8
1516 1
1705 1
3224 6
3841 8
3840 8
3843 8
3842 8
3845 8
3844 8
3847 8
3846 8
3849 8
3848 8
1785 1
301 0
1603 1
7 0
3665 8
3664 8
3667 8
3666 8
3661 8
3660 8
3663 8
3662 8
2280 7
2281 7
2282 7
2283 7
3669 8
2285 7
2286 7
2287 7
2578 7
2579 7
2576 7
2577 7
2574 7
2575 7
2572 7
2573 7
2570 7
2571 7
3690 8
2395 7
2378 7
2379 7
3691 8
2374 7
2375 7
2376 7
2377 7
2370 7
2371 7
2372 7
2373 7
3593 8
3592 8
3591 8
3590 8
3597 8
3596 8
2592 7
3594 8
3599 8
3598 8
2598 7
2599 7
1876 1
1877 1
1874 1
1875 1
1872 1
1873 1
1870 1
1871 1
600 3
1083 1
1878 1
1879 1
977 1
976 1
975 1
974 1
973 1
972 1
971 1
970 1
596 1 3
979 1
978 1
182 0
183 0
180 0
181 0
186 0
187 0
184 0
185 0
2110 7
2111 7
188 0
189 0
2114 7
2115 7
2116 7
2117 7
2622 7
2623 7
2620 7
2621 7
2626 7
2627 7
2624 7
2625 7
2628 7
2629 7
1919 7
1918 7
3289 6
3288 6
1911 1
1910 1
1913 7
3284 6
3283 6
3282 6
3281 6
3280 6
869 5
868 5
2113 7
3449 8
3448 8
516 2
861 5
860 
863 5
3446 8
3441 8
3440 8
867 5
866 5
2024 7
2757 6
2026 7
2027 7
2752 6
2753 6
2750 6
2023 7
2828 6
2028 7
2029 7
2758 6
2759 6
883 
882 5
881 5
880 5
887 5
886 5
885 5
884 5
4017 9
889 5
888 5
2824 6
2825 6
1503 1
418 2
353 1 2
1500 1
352 2
775 4
774 4 5
777 4
776 4 5
771 4
770 4
773 4
772 4 5
779 4
778 4
77 0
76 0
75 0
74 
73 0
72 0
71 0
70 0
2972 6
3057 6
2970 6
2971 6
2976 6
2977 6
3050 6
3051 6
1043 1
1042 1
1041 1
1040 1
1047 1
1046 1
1045 1
1044 1
1049 1
1048 1
1681 1
3027 6
1683 1
1682 1
1685 1
1684 1 6
1687 1
1686 1
1689 1
1688 1
358 
3025 6
1269 1
3024 6
669 3
668 
1263 1
1262 1
1261 1
664 3
663 3
1266 1
1265 1
1264 1
3287 6
1242 1
3021 6
3286 6
3020 6
3285 6
3128 6
1912 7
3122 6
3123 6
3120 6
3121 6
3126 6
3127 6
3124 6
3125 6
421 2
1469 1
1468 1
1465 1 7
1464 1
1467 1
1916 7
1461 1
1460 1
1463 1
1462 1
1317 1
1316 1
1315 1
1314 1
1313 1
1312 1
1311 1
1310 1
3276 6
1319 1
1318 1
528 2
464 2
529 2
3445 8
3444 8
1404 1
3447 8
3948 8
3949 8
319 0
862 5 8
3940 8
3941 8
3942 8
310 0
317 0
316 0
3815 8
864 5
3299 6
3443 8
3442 8
2756 6
3195 6
2025 7
2754 6
1335 1
2755 6
1334 1
2020 7
1337 1
2021 7
1336 1
2022 7
420 1 2
1331 1
2751 6
446 2
1333 1
1332 1
2694 6
630 3
405 2
3610 8
3611 8
2299 7
2298 7
3614 8
3615 8
3616 8
3617 8
2293 7
2292 7
2291 7
2290 7
2297 7
2296 7
2295 7
2294 7
404 2
2569 
2568 7
288 0
2561 7
2560 7
2563 7
2562 7
2565 7
2564 7
2567 7
403 2
2369 7
2368 7
2367 7
2366 7
2365 7
2364 7
2363 7
2362 7
2361 7
2360 7
2587 7
2586 7
2585 7
2584 7
2583 7
2582 7
2581 7
2580 7
865 5
402 2
2589 7
2588 7
1861 1
1860 1
1863 1
1862 1
1865 1
3729 
1867 1
1866 1
3724 8
3725 8
3726 8
3727 8
3720 8
3721 8
3722 8
3723 8
964 1
965 1
966 1
967 1
960 1
961 1
962 1
963 1
1106 1
401 2
968 1
969 1
2109 7
2108 7
2103 7
2102 7
2101 7
2100 7
2107 7
2106 7
2105 7
2104 7
30 0
2639 7
2638 7
2635 7
2634 7
2637 7
2636 7
2631 7
2630 7
2633 7
2632 7
3438 8
1537 1
878 5
879 5
3430 6
3431 6
874 5
3433 6
3434 6
3090 6
3436 6
871 5
2037 7
2036 7
2035 7
2742 6
2745 6
2744 6
2031 7
2030 7
2749 6
2748 6
2039 7
2038 7
890 5
891 
892 
893 5
894 5
895 5
896 1
897 1
909 1
899 1
3095 6
2984 6
649 1 3
1247 1
1248 1
1968 7
1969 7
3544 8
3545 8
3546 8
3547 8
3540 8
3541 8
3542 8
3543 8
3235 6
3548 8
3549 8
1964 7
422 2 3
2614 7
1965 7
1966 7
3069 6
2965 6
2964 6
2967 6
3239 6
2961 6
2960 6
2963 6
2962 6
1780 1
763 4
760 4
761 4
766 4
767 4
764 4
765 4
3049 6
3048 6
1962 7
3041 6
3040 6
3043 6
1963 7
3045 6
3044 6
3047 6
3046 6
3207 6
1078 1
1079 1
1076 1
1535 1
1074 1
1075 1
1072 1
1073 1
1070 1
1071 1
1678 1
1679 1
3030 6
1674 1
1675 1
1676 1
1677 1
1670 1
1671 1
1672 1
1673 1
1094 1
1095 1
1096 
1097 1
678 3
679 3
1092 1
1534 1 6
674 
675 3
676 3
677 3
670 3
671 3
672 3
854 4
3135 6
3134 6
3137 6
3136 6
3131 6
3130 6
3133 6
3132 6
3139 6
3138 6
3396 6
1533 1
1915 7
2557 7
1418 1
1419 1 6
1410 1
1411 1
1412 1
1413 1
1414 1
1415 1
1416 1
1417 1
1322 1
1323 1
1320 1
1532 1
1326 1
1327 1
1914 7
1325 1
3703 8
1328 1
1329 1
2494 7
1531 1
1917 7
1256 1
1525 1
1254 1
1527 1
1520 1
1521 1
1250 1
1251 1
1528 1
1529 1
1258 1
1530 1
308 0
309 0
3959 8
3958 8
3953 8
3952 8
3951 8
3950 8
3957 8
3956 8
3955 8
3954 8
2858 6
2978 6
2979 6
1655 1
3058 6
3059 6
988 1
3056 6
989 1
2973 6
3341 6
3204 6
3055 6
3052 6
1105 1
3412 6
3053 6
79 0
983 1
78 0
980 1
3603 8
3602 8
3601 8
3600 8
3607 8
3606 8
3605 8
3604 8
3609 8
3608 8
2698 6
984 1
985 1
3032 6
2950 6
114 
2990 6
2358 7
2359 7
2352 7
2353 7
2350 7
2351 7
2356 7
2357 7
2354 7
2355 7
2991 6
112 0
1898 1
1899 1
3739 8
3738 8
1894 1
1895 1
3735 8
3734 8
3733 8
3732 8
3731 8
3730 8
2136 7
2137 7
2134 7
2135 7
2132 7
2133 7
2130 7
1680 1
951 1
950 1
953 1
952 1
955 1
1267 1
2138 7
2139 7
1635 1
2648 7
1102 1
2640 7
2641 7
2642 7
2643 7
2644 7
2645 7
2646 7
2647 7
1441 1
2340 7
3429 6
3428 6
3423 6
3422 6
3421 6
3420 6
3427 6
3426 6
3425 6
3424 6
2002 7
2003 7
2000 7
2001 7
2006 7
2007 7
2004 7
2005 7
3901 8
3033 6
2008 7
2009 7
506 2 3
2118 7
3331 6
2852 6
1268 1
3026 6
507 2
3557 8
3556 8
3555 8
3554 8
3553 8
3552 8
3551 8
3550 8
3559 8
3558 8
667 3
666 3
717 4
2176 7
504 2
665 3
2177 7
2910 6
2911 6
2912 6
2913 6
2914 6
2915 6
719 4 5
2917 6
2918 6
2919 6
715 4
1790 1
1797 1
712 4
711 4
710 4
661 3
716 4
505 2
1524 1
2178 7
1069 1
1068 1
916 1
1061 1
1060 1
1063 1
1062 1
1065 1
1064 1
1067 1
1066 1
3023 6
1669 1
1668 1
1667 1
1666 1 6
1665 1
1664 1
1663 1
1662 1
1661 1
1660 1
591 3
590 3
593 3
592 3
595 3
594 3 9
597 3
1080 1
599 3
598 3
1089 1
1088 1
3140 6
3141 6
714 4
3143 6
3144 6
3145 6
3146 6
1526 1
3148 6
3149 6
2826 6
2827 6
2820 6
2821 6
2822 6
2823 6
3386 6
3387 6
3384 6
3385 6
3382 6
3383 6
3380 6
3381 6
3388 6
3389 6
713 4 5
1409 1
1408 1
1403 1
1402 1
1401 1
1400 1
1407 1
1406 1
1405 1 6
1086 1
692 
449 2
448 2
1339 1
1338 1
693 4
443 2
442 2
441 2
440 2
447 
1544 1
445 2
444 2
3129 6
696 4
1631 1
697 4 5
1933 7
39 0
38 0
694 4
3260 6
33 0
32 0
31 0
695 4
37 
1100 1
35 0
34 0 2 3
1241 1
3093 6
643 3
3091 6
3096 6
644 3
3094 6
646 3
1249 1
648 3
3098 6
3099 6
1539 1
1538 1
339 0
3267 6
335 
334 0
337 0
336 0
331 0
330 0
333 0
332 0
2061 7
1633 1
1188 1
2127 7
3898 8
3899 8
2062 7
1634 1
3892 8
3893 8
3890 8
3891 8
3896 8
3897 8
3894 8
3895 8
3467 8
3466 8
1111 1
845 4
3464 8
1085 1 8
8 0
3463 8
2119 7
3462 8
1353 1
1466 
3461 8
3819 8
3460 8
3966 8
3967 8
3964 8
3965 8
3962 8
3963 8
3960 8
3961 8
3968 8
3969 8
2854 6
1101 1
3638 8
3639 8
3636 8
3637 8
3634 8
3635 8
3632 8
3633 8
3630 8
3631 8
1637 1
3469 8
3468 8
2345 7
2344 7
2347 7
2346 7
2341 7
3054 6
2343 7
2342 7
2349 7
2348 7
1350 1
3708 8
3709 
1889 1
1888 1
1887 1
1886 1
3700 8
1884 1
1883 1
1882 1
3704 8
3705 8
2121 7
2120 7
2123 7
2122 7
2125 7
2124 7
948 1
949 1
946 1
947 1
944 1
1084 1
942 1
943 1
940 1
941 1
3038 6
2410 7
2659 7
2658 7
642 3
565 2
2653 7
2652 7
2651 7
2650 7
2657 7
2656 7
2655 7
3039 6
133 0
132 0
131 0
3415 6
137 0
3413 6
135 0
134 0
1931 7
139 0
138 0
3418 6
3419 6
1354 1
2019 7
2018 7
1930 7
2920 6
2015 7
2014 7
2017 7
2016 7
2011 7
2010 7
2013 7
2012 7
1937 7
3562 8
3563 8
3560 8
3561 8
3566 8
3567 8
3564 8
3565 8
3034 6
3568 8
3569 8
1936 7
3000 6
2903 6
2902 6
2901 6
2900 6
708 4 5
709 4
2905 6
3035 6
704 4
705 4
706 4
2908 6
700 4
701 4
702 4
703 4 5
88 0
89 0
82 0
83 0
80 0
81 0
86 0
87 0
84 0
85 0
3036 6
762 4
1934 7
1658 1
1659 1
1652 1
410 2
1650 1
1651 1
1656 1 6
1657 1
1654 1
411 2
586 3
587 3
584 3
3037 6
582 3
583 3
580 1 3
581 3
3216 6
588 3
589 3
3153 6
3152 6
3151 6
3217 6
3157 6
3156 6
3155 6
3154 6
2837 6
1982 7
3159 6
3158 6
2833 6
2832 6
2831 6
1983 7
3391 6
3390 6
3393 6
3392 6
1432 1
3394 6
1430 1
1431 1
3399 6
3398 6
3213 6
1438 1
419 2
1260 1
1349 1
1299 1
3031 
458 2
459 2
450 2
451 2
452 2
453 2
454 2
455 2
456 2
457 2
3702 8
318 0
1082 1
564 2
1885 1
2157 7
3701 8
3706 8
832 4
3707 8
656 3
657 3
654 3
655 3
652 3
653 3
650 3
1505 1 6
3085 6
3084 6
3087 6
3086 6
3081 6
311 0
3083 6
659 3
3943 8
833 4
3945 8
315 0
314 0
3885 8
3884 8
3887 8
3886 8
3881 8
3880 8
3883 8
3882 8
2126 7
3889 8
3888 8
2129 7
2128 7
631 3
568 2
945 1
752 4
2816 6
4008 
4009 9
4000 9
4001 9
4002 9
4003 9
4004 9
1081 1
4006 9
4007 9
3971 8
3970 8
3973 8
3972 8
3975 8
3974 
3977 8
3976 8
3979 8
3978 8
328 0
329 0
3629 8
3628 8
758 4
3621 8
3620 8
3623 8
3622 8
3625 8
3624 8
1340 1
3626 8
1881 1
2330 7
2331 7
2332 7
2333 7
2334 7
2335 7
2336 7
1594 1
2338 7
2339 7
1341 1
3072 6
2537 7
1596 1
1880 1
1591 1
835 4
1590 1
3715 8
3714 8
3717 8
3716 8
3711 8
3710 8
3713 8
3712 8
3077 6
3719 8
3718 8
3078 6
2955 6
2488 7
2489 7
1343 1
2487 7
2484 7
2485 7
2482 7
2483 7
2480 7
2481 7
3252 6
2248 7
2249 7
2244 7
2245 7
2246 7
2953 6
2240 7
2241 7
2242 7
2243 7
2464 7
2465 7
2466 7
2467 7
2460 7
2461 7
2462 7
2463 7
2468 7
2469 7
3401 6
3400 6
3403 6
3402 6
3405 6
3404 6
3407 6
3406 6
3409 6
3408 6
2654 7
1020 1
3416 6
520 2
1295 1
3417 6
2773 6
1189 1
3414 6
2068 7
2069 7
2798 6
130 0
1187 1
2060 7
2793 6
2790 6
2063 7
2064 7
2797 6
2066 7
2067 7
521 2
1346 1
1185 1
3410 6
1182 1
3411 6
3255 6
1183 1
1180 1
1181 1
3579 8
3578 8
3575 8
3574 8
3577 8
3576 8
3571 8
3570 
3573 8
3572 8
2666 6
2667 6
2664 6
2665 6
2662 6
2663 6
2660 7
2661 6
1748 1
2668 6
2669 6
3668 8
2938 6
2939 6
2936 6
2937 6
2934 6
2935 6
2932 6
2933 6
2930 6
2931 6
3799 8
1837 1
1645 1
1644 1
1647 1
1646 1
1641 1
1640 1
1643 1
1642 1 6
1649 1
1648 1
1742 1
792 4
1743 1
1252 1
579 3
1839 1
573 3
572 2
571 2
570 2
577 3
576 3
575 3
574 3
2808 6
2809 6
3168 6
3169 6
3166 6
3167 6
2800 6
2801 6
2806 6
3163 6
3160 6
3161 6
1421 1
2406 7
1997 7
1422 1
3368 6
3369 6
1427 1
2407 7
3364 6
3365 6
3366 6
3367 6
3360 6
2404 7
3362 6
3363 6
731 4
730 4
733 4
938 1
735 4
734 4
737 4
736 4
739 4
2402 7
2403 7
1359 1
1358 1
469 2
2400 7
465 2 3
1201 1
467 2
2401 7
461 2 3
460 2
463 2
462 2
1273 1
937 1
2159 7
1519 1
2408 7
1515 1
1514 1
1517 1
934 1
1274 1
1510 1
1513 1
1512 1
959 1
281 0
3439 8
3395 6
1275 1
958 1
1798 1
280 0
3184 6
3185 6
3186 6
3187 6
3180 6
3181 6
585 
3183 
1996 7
3188 6
3189 6
1896 1
3397 6
3109 6
4019 9
4018 9
2112 7
48 0
4013 9
4012 9
4011 9
3783 8
1897 1
4016 9
4015 
4014 9
357 2
356 2
355 2
354 2
3988 9
3989 9
351 2
350 2
3984 
3985 9
3986 9
3987 9
3980 9
3981 9
3982 9
3983 9
3107 6
3612 8
43 
3613 8
41 0
2323 7
2322 7
2321 7
2320 7
2327 7
2326 7
2325 7
2324 7
3234 6
2329 7
2328 7
1113 1
289 0
3618 8
1112 1
3619 8
1793 1
5 0
283 0
282 0
285 0
284 0
287 
1442 1
3760 8
3761 8
3762 8
3763 8
3764 8
3765 8
3766 8
3767 8
3768 8
3769 8
1116 1
263 0
262 0
261 0
260 0
267 0
266 0
1792 1
264 0
286 0
269 0
268 0
1562 1
2499 7
2498 7
1291 1
1893 1
2491 7
2490 7
2493 7
2492 7
2495 7
258 0
2497 7
2496 7
2193 7
1566 1
2259 7
2258 7
2257 7
2256 7
2255 7
2254 7
2253 7
2252 7
2251 7
2250 7
2477 7
2476 7
2475 7
2474 7
2473 7
2472 7
2471 7
2470 
982 1
957 1
2830 6
981 1
986 1
987 1
2479 7
2478 7
115 0
252 0
117 0
116 0
111 0
1293 1
113 0
2199 7
119 0
118 0
3432 6
2785 6
2784 6
2787 6
2786 6
2781 6
2780 6
2783 6
2782 6
2789 6
2788 6
2079 
2078 7
2073 7
2072 7
2071 7
2070 7
2077 7
2076 7
2075 7
2074 7
1796 1
1330 1
3221 6
3508 8
3509 8
3500 8
3501 8
3502 8
3503 8
3504 8
3505 8
3506 8
3507 8
641 1 3
2670 6
2673 6
2672 6
2675 6
2674 6
2677 6
2676 6
2679 6
3435 6
1209 1
3220 6
2929 6
2928 6
4027 9
2921 6
954 1
2923 6
2922 6
2925 6
2924 6
2927 6
2926 6
2907 6
2566 7
2906 6
1986 7
3215 6
1984 7
1985 7
3210 6
3211 6
3212 6
1981 7
1638 1
1639 1
2904 6
3218 6
3219 6
1988 7
1989 7
1781 1
2909 6
2815 6
569 2
2817 6
707 4
2811 6
2810 6
2813 6
2812 6
560 2
561 2 3
562 2
563 1 2 3 7
2819 6
2818 6
566 1 2 3
567 2 3 8
3179 6
3178 6
3171 6
3170 6
3173 6
3172 6
3175 6
3174 6
3177 6
3176 6
2179 7
3379 6
3378 6
3377 6
3376 6
3375 6
3374 6
3373 6
3372 6
3371 6
3370 6
726 4
727 4
724 4
725 4
722 4
723 4
720 4
721 4
1744 1
1745 1
1746 1
1747 1
1740 1
1741 1
728 4
729 4 5
1164 1
1165 1
1166 1
1167 1
1160 1
3308 6
640 3
1163 1
3309 6
1168 1
1169 1
3092 6
3304 6
472 2
3305 6
1864 1
473 2
46 0
47 0
44 0
3786 8
42 0
2034 7
40 0
3214 6
1568 1
1569 1
1298 1
471 2
1788 1
1560 
3193 6
1290 1
1563 1
1296 1
1297 1
1294 1
477 2
797 4
474 2
796 4
2033 7
795 4
2425 7
794 4
1789 1
2551 7
793 4
3698 8
1366 1
791 4
2032 7
790 4
3197 6
3196 6
470 2
3194 6
476 2
3192 6
3191 6
3190 6
3728 8
478 2
479 2
2916 6
3699 8
3199 6
3198 6
