1340 1336
1340 1342
2049 2671
2049 632
1471 1684
1471 1467
1471 2496
1471 2171
389 377
389 1657
389 261
389 988
389 854
1130 1563
1130 1131
1130 1120
824 430
824 930
824 818
824 2584
824 927
806 805
1022 686
1594 1592
1594 2467
1594 295
573 566
573 890
573 568
573 511
573 1118
1319 52
1319 112
1319 84
1319 1959
1319 1314
52 1030
52 261
52 0
52 164
2280 2517
2280 1819
2277 2279
2277 1819
2277 2515
2277 2518
965 261
965 988
240 238
1049 2491
1049 1044
1049 1742
1049 833
1049 1695
613 599
613 1643
613 1493
1733 1732
1733 640
1206 1202
516 515
516 1701
516 783
516 673
516 1037
1461 1459
1461 665
1461 1462
1882 1389
1882 884
664 818
664 659
664 514
2563 2562
566 551
566 1637
1195 1715
1195 1194
1105 1670
1105 2004
1105 1103
666 659
666 1397
666 1403
694 1223
694 690
1911 425
1911 1912
2260 1551
411 377
411 714
181 743
181 170
1725 1719
1725 1721
1725 1187
1408 1407
1408 1688
1408 1691
1840 1924
1840 1926
1840 1841
1840 1835
758 1599
758 714
1575 1580
1575 2009
1575 1574
1575 2121
1575 1581
1309 52
1309 112
1309 84
1309 1959
1309 1314
949 1481
949 205
949 1284
1521 1508
1521 1507
1521 1240
872 1237
872 865
872 374
872 1218
944 860
193 261
193 170
356 1084
356 346
356 528
356 1239
356 565
296 1695
296 272
287 818
287 272
304 1739
304 2317
304 1738
304 272
345 1979
345 551
345 881
345 1302
345 341
386 1493
386 377
1050 1052
1050 1044
1050 1742
1861 1862
756 1754
756 714
756 2028
756 159
1967 2405
1967 2407
1967 1966
2245 2522
2245 1818
2509 2508
430 818
430 377
430 2409
633 314
633 649
633 2158
633 2120
623 619
623 2238
1505 1606
1505 1599
1505 1504
1505 1582
2691 613
2691 2689
2691 1101
2691 2692
643 498
643 483
925 345
925 1204
925 1302
1013 2234
1013 1011
1383 1381
1383 801
1383 2345
1406 1405
1406 1844
1406 1403
932 192
932 261
932 260
1490 1488
1490 1653
1490 1491
1490 1745
47 1663
47 3
47 0
47 2534
930 927
746 1788
746 714
746 745
152 70
152 2325
152 0
152 151
1293 630
1293 1294
1293 1501
2290 2289
387 377
387 2
387 1804
810 872
810 1161
810 807
187 170
1450 1449
1139 1143
415 223
415 427
415 377
415 854
473 1130
473 1654
473 1893
1857 99
1185 1719
1550 1552
1550 1547
609 599
609 604
609 2393
609 2148
1782 474
1782 1039
1782 1982
1887 1736
1887 1814
1887 1983
2609 1429
2072 2150
2072 2071
495 66
495 713
495 2242
2113 161
2479 2673
2479 640
1418 1190
1418 1565
1418 1419
1418 1417
1418 1608
274 305
274 272
1712 1230
314 69
314 309
314 2255
669 658
669 659
669 668
1539 1077
1539 550
325 324
325 331
325 1
1307 100
1307 1496
1307 1149
1584 1385
1584 1582
969 193
969 261
969 1671
394 377
1609 1599
1219 1130
1219 1562
1219 1221
1219 1218
1094 2672
1094 1493
1094 1093
876 875
2320 1918
2320 2163
2320 2319
93 1754
93 108
93 0
1898 1897
1524 1240
1860 1858
794 1135
2202 1496
2202 472
1946 148
1946 2016
1946 111
1946 2136
1030 52
1030 1024
1030 1314
796 794
796 1135
557 567
557 551
557 1131
557 880
1823 1509
1823 2139
1823 1511
1823 316
751 1493
751 714
228 526
189 261
189 260
189 854
189 170
1750 1190
1750 1752
404 377
404 860
2251 2201
1137 605
1137 1136
1137 910
2644 2643
977 872
977 261
977 1667
1935 2361
1935 750
1935 2362
2288 511
2607 2608
2607 2606
1546 253
1384 1206
1384 2134
1204 925
1204 1302
1204 1202
255 935
255 261
255 164
1029 872
1029 1024
1029 1927
1677 1674
1918 1916
116 2101
116 156
116 0
1396 1394
653 648
2631 2630
130 1547
130 0
130 2542
130 2136
133 1754
133 94
133 0
133 2136
197 193
197 943
197 1672
197 213
197 170
1482 1483
1482 1481
1802 263
2080 2079
2080 548
2080 368
2707 2705
1409 1407
373 1194
373 346
1084 1564
1084 1303
605 599
605 2238
1422 906
1422 1419
1422 2226
1422 2319
1810 1811
1810 1963
1810 74
1810 96
1810 128
1812 1963
1812 96
1023 1022
1023 1021
1023 686
1023 1830
943 938
943 940
943 261
738 760
738 714
738 737
738 739
2466 2465
1058 1320
1058 1070
1058 1062
1058 1060
1058 1057
899 658
2015 1948
2015 1947
2015 149
2015 2495
2015 1554
2079 2299
1112 2097
1112 1106
525 263
525 520
525 2255
525 1254
1509 318
1509 1506
1509 1510
1509 1240
2316 2031
2316 2525
135 110
135 0
1159 872
1159 1891
1159 1158
1834 1833
1834 2106
1166 1173
1166 163
1166 956
1016 216
1016 1445
1016 1015
1016 1446
906 1904
906 904
906 299
1428 1423
677 676
677 1257
677 1591
677 1636
1660 1962
1660 192
1660 84
1660 1315
1663 1662
1663 76
1663 110
1663 96
829 818
829 1629
1577 1575
1577 2235
1164 163
1164 1963
1164 956
72 52
72 1168
72 0
41 0
1398 1397
1398 1399
1398 1403
419 944
419 418
419 1585
419 377
475 66
2504 1779
1872 1871
259 106
259 261
259 1963
259 96
259 164
216 213
216 1334
216 1015
216 164
1933 2062
1933 1932
608 591
608 599
608 2532
608 2393
608 596
1233 244
1233 433
1233 1981
1233 739
300 272
440 1493
440 377
440 714
505 512
505 1623
263 164
683 676
683 1824
683 1828
391 377
391 2427
1535 1130
1535 1559
1535 1891
1535 1531
1535 1893
1125 903
1125 1131
1125 1120
1548 1552
1548 1547
757 714
743 1771
743 714
743 739
819 1654
819 818
819 1529
642 481
642 2457
642 491
642 483
1180 1179
1180 1181
1306 1302
1306 1305
21 2387
21 101
21 0
21 2501
178 185
178 170
1416 1413
1416 1420
1416 2660
1951 1952
1951 111
1951 71
2233 2231
2233 2234
2233 2232
648 653
648 652
122 1355
122 0
959 193
959 261
959 224
2271 2437
2271 2270
1787 1805
1787 745
768 760
768 783
318 317
318 320
1353 1351
1353 107
732 361
732 1981
732 714
732 737
1176 1963
1176 956
91 2101
91 0
226 446
226 223
226 261
226 186
226 1346
1410 1407
388 421
388 377
1523 1240
1675 1674
1675 1290
1675 1304
591 608
591 599
591 579
591 607
591 596
718 733
718 714
157 90
157 89
157 88
157 0
157 1972
1320 1060
1690 1688
1286 1203
1286 2005
1286 1207
1286 1208
1910 1907
502 501
502 1556
502 499
2118 1581
1662 1663
1662 1940
1662 110
271 265
271 272
45 2101
45 1351
45 0
45 161
992 990
2423 100
2423 121
2423 2422
252 1990
252 164
814 1609
814 811
814 1648
814 1650
814 740
811 818
564 551
564 1879
564 797
1150 1148
1150 1151
2519 2518
905 2227
905 904
905 907
2300 2299
1878 1877
364 346
328 324
2596 1430
1161 872
1161 1927
1267 1262
1267 1266
1267 1203
1267 1288
2008 2055
2008 1842
2008 2006
1873 1857
1171 1168
1171 80
1171 95
2230 1786
2212 2490
2212 2615
2212 2162
2212 2211
2212 1430
1568 1571
1568 1567
1568 1569
1568 1570
2666 2665
868 869
868 865
1508 1506
1508 258
1658 319
719 419
719 1585
719 714
1990 1991
1990 1988
544 1251
544 676
544 1129
544 528
544 1120
1468 1684
1468 1467
772 1194
772 760
359 346
359 528
359 543
1789 1055
1789 745
1789 1056
1081 682
1081 689
1081 1538
1081 1033
702 690
2368 2112
2368 1498
2368 2365
650 648
650 637
50 2101
50 1351
50 0
50 161
1768 1756
1768 1765
1768 1764
2389 2388
1758 1756
1758 1763
967 1657
967 261
1327 1325
1327 1329
685 676
685 244
685 1024
685 2073
662 659
662 1399
17 2408
17 490
17 760
17 0
800 936
800 988
800 854
800 797
769 760
769 776
1229 1231
1229 1223
1229 1230
1229 1228
1916 1917
2405 2404
2405 2407
766 760
766 2414
1640 2
2179 1395
32 141
32 0
32 86
2033 2032
2033 2522
90 0
90 1972
1068 1059
1068 1062
1987 1985
2130 2132
2130 439
2130 1735
553 551
1227 1713
1227 1223
1227 802
1227 1230
1330 2078
1330 2077
1330 1329
1754 1976
1922 1923
1739 2317
1739 1738
587 599
587 579
587 2393
1618 288
1618 1617
1618 1614
1618 2254
2090 3
2090 155
1169 1885
1169 1168
1169 1905
1169 1906
1169 106
548 2079
548 368
548 528
548 686
2499 2252
2499 144
2499 107
765 1194
765 1529
765 518
765 760
765 776
453 446
453 1375
453 1936
453 2419
771 1194
771 760
771 783
771 776
823 818
823 2409
1644 1824
1644 1641
2693 613
2693 1101
1465 1466
1465 1467
717 714
717 2081
937 936
937 938
937 261
70 152
70 0
70 151
1341 1340
1341 2193
1341 1336
1341 1342
1699 237
1699 361
1301 1419
2192 733
145 108
145 0
1405 1402
1405 1835
1405 1403
1497 1736
1497 1493
1497 95
850 840
1994 751
1156 872
1156 493
1156 2119
2086 2125
2086 1798
2086 2085
2086 1796
2086 1792
2684 2682
169 1493
169 167
169 2422
169 2421
169 2420
1432 2592
1432 1423
1432 2591
368 346
368 528
235 200
1741 1738
1259 1306
2177 2176
2177 2469
2036 2472
1442 971
1442 1799
1442 1792
1442 1791
936 261
936 184
936 206
936 978
1357 1358
1357 1356
352 346
352 1255
1706 1227
1706 1713
1706 1230
561 568
561 551
561 1295
1756 2063
645 480
645 500
1427 2596
1427 2600
1427 1423
1427 1430
773 2186
773 760
773 792
773 775
624 626
624 619
624 617
1373 2079
1373 1832
1373 1824
1373 1623
1373 1372
1457 2327
1457 1455
2093 1063
2093 1061
1737 715
1737 1732
973 261
484 500
1439 1438
1439 2203
98 0
98 160
98 86
972 261
1004 1795
1004 526
1004 776
1632 883
1632 2311
2352 2351
521 520
521 1201
521 1211
521 527
521 2244
576 568
576 1877
576 1131
576 1118
744 1664
744 261
744 714
682 676
682 372
620 624
620 626
620 619
620 617
560 890
560 707
560 551
560 713
560 1463
520 527
520 2244
150 1389
150 0
63 0
63 160
63 956
2357 1990
43 0
1190 1750
1190 1751
1190 1752
1190 2091
1190 1188
688 1130
688 676
1048 1044
1048 1053
1048 1799
1048 1742
1048 1792
788 1150
788 512
788 787
788 884
1566 410
1566 2326
1566 416
1651 1609
1651 814
1651 1648
1651 224
83 2
83 0
31 2090
31 3
31 148
31 0
1345 1344
1290 1289
1290 2152
1838 1405
1838 1924
1838 1844
1838 1402
1838 1835
1773 1771
885 875
885 1202
154 0
154 155
1580 1575
1580 2009
1580 2006
2155 2075
2294 75
2294 2258
2294 2385
2294 2293
249 936
249 973
249 261
249 206
249 164
408 377
408 714
1822 1821
522 520
522 1438
1102 943
1102 1324
1102 194
1102 220
1470 1467
69 0
69 71
1063 1060
1063 1057
637 636
1080 1083
1080 1082
1080 1033
290 289
290 619
290 272
1389 1206
2252 1946
1788 745
460 2506
460 446
460 1957
460 1543
460 641
1152 2289
2498 1812
2498 2497
983 1483
983 223
983 162
2490 902
534 528
534 497
534 2425
378 377
378 854
348 1306
348 883
348 346
348 1205
348 1305
602 599
602 2455
44 60
44 0
533 676
533 1129
533 528
533 1120
1386 1206
1386 1979
1404 1403
1808 1963
1808 96
2239 2416
2239 2238
445 2307
445 377
1032 2179
1032 688
1032 984
1032 1572
1558 1556
1558 2071
1734 1732
995 1531
995 1897
995 1120
1565 1130
1172 1168
1172 80
1172 95
334 1139
334 333
334 1143
2058 1844
2058 2055
2058 2341
2147 1354
2172 1796
2172 2171
2488 2487
1421 2201
1421 1419
1421 734
612 1698
612 599
612 425
612 1493
612 2579
2087 433
2087 2088
695 1850
695 350
695 704
695 1199
695 690
76 98
76 346
76 0
2181 2180
1621 2137
1621 111
1621 1382
1076 1077
1076 372
1076 2054
1472 1467
1472 903
1938 1663
1938 2187
1938 110
1938 1942
1276 567
1276 880
14 2101
14 1351
14 56
14 57
14 0
37 0
37 125
1343 1338
1343 1342
1827 2079
1827 1644
1827 1832
1827 1824
1827 1376
627 626
627 619
627 606
627 2456
627 617
1077 372
1061 2093
1061 1062
1061 1057
1061 1071
585 587
585 595
585 579
2581 2580
1940 1809
1940 110
2206 2203
1551 1547
1551 95
716 714
716 860
716 2046
2200 2199
1242 944
2109 160
1281 1285
1281 1280
1281 1302
1028 1024
1714 1230
80 0
80 95
1573 2143
1573 984
1573 1572
7 58
7 223
7 0
1681 1680
1681 1272
599 605
599 1136
599 420
333 1143
100 0
1953 1952
1953 127
1953 2545
1018 949
1018 216
1018 201
1018 1015
815 811
815 2478
815 631
815 1294
1496 1493
1496 429
722 1665
722 714
108 2234
108 0
2125 2338
1971 1699
1971 1970
2132 439
2132 1735
396 377
2004 263
2004 248
901 658
813 811
1322 1140
1322 1147
1798 2338
1798 1797
512 794
512 505
512 513
512 792
1746 1209
1746 2031
1746 1745
2018 2017
146 163
146 0
146 1963
1163 872
1483 1315
1483 162
1751 1750
1751 1190
1751 1752
1751 2091
2170 1778
2170 1685
2170 1777
935 189
935 260
1220 1957
1220 1218
1220 1958
567 1125
567 551
567 1284
567 1131
567 880
1564 1130
1564 1563
1198 1194
1198 742
48 2101
48 1354
48 0
48 161
48 301
626 619
2040 2039
2605 2596
2605 2604
2605 2602
1474 1473
574 1130
574 568
298 377
298 272
2056 1406
2056 2055
2364 2429
137 117
137 0
2145 939
20 0
20 1976
679 373
679 676
679 1891
679 2114
2510 2508
262 223
262 261
262 164
1391 59
1694 1688
347 922
347 346
347 918
2024 2019
2024 2225
2024 2023
2112 2365
2112 2111
1689 1688
1689 2258
1894 1891
1894 687
1894 1747
2679 2678
279 1382
279 272
517 515
517 760
517 1090
1054 1684
1054 1053
1054 1742
1054 1403
1561 1130
1561 1850
1561 350
1571 1161
1571 1646
1571 1927
2704 2706
2173 1798
2173 2510
2173 1778
2173 1915
3 163
3 0
2149 660
2149 1420
2149 715
1224 1223
1848 526
2025 1471
2025 687
820 818
820 1599
820 1480
869 865
1856 65
1856 99
1122 1531
1122 1897
1122 1120
1331 1329
1552 1547
1772 2417
1772 1771
168 167
1162 872
1162 1163
190 187
190 196
190 223
190 436
190 170
1262 1204
1262 1306
1262 1261
1262 1305
886 1206
886 881
886 875
1217 1211
10 2413
10 0
10 74
1708 1209
1708 1284
1708 1230
1035 2149
1035 2350
1035 1379
1035 1034
1035 2164
586 579
586 2393
115 0
115 109
939 1873
939 936
939 988
939 2146
129 165
129 94
129 0
129 161
129 463
818 1320
818 1071
1731 1227
1731 2357
1731 1713
1731 2351
1731 2355
618 626
618 614
618 619
618 617
280 626
280 619
280 272
782 2017
782 760
782 779
963 943
963 249
963 261
1132 1128
1132 1120
1852 69
1852 1222
1753 1752
883 1205
883 875
883 2311
883 1305
908 734
908 904
308 272
1175 1173
1175 114
1175 1814
1631 883
1631 2311
1355 1351
1355 1354
595 587
595 599
595 579
595 2393
1279 1861
1279 1862
1279 1278
2592 2591
1260 1204
1260 1259
2166 1291
938 1347
938 936
938 261
2635 2639
2635 2637
1775 2386
1775 1509
1775 258
1775 1511
2099 2234
2099 2101
2099 71
600 599
600 912
600 2038
1941 1663
1941 2187
1941 110
1941 2441
1941 1942
2703 2396
555 1150
555 551
555 1148
555 776
555 1636
33 0
33 86
1072 1071
254 216
254 1290
254 1963
254 1814
254 164
1500 1496
1500 1493
1197 1194
27 2137
27 0
816 811
816 818
816 840
413 418
413 1493
413 377
413 422
2580 2581
1216 1211
958 943
958 223
958 1629
958 261
958 2051
1209 881
1209 1302
1209 1202
1855 1736
1855 65
1855 99
477 1776
1211 1237
101 1351
101 60
101 0
696 1654
696 690
1588 1303
1588 1131
1136 2039
1136 2238
584 599
584 579
584 2393
941 940
941 219
2332 1620
2332 770
660 659
660 668
1401 2512
1401 1843
1401 1399
1401 1835
1401 2055
891 892
891 641
1778 1776
196 950
196 261
196 170
360 346
1559 1130
1559 1535
1559 1891
1559 1893
917 915
1920 1919
367 1038
367 377
367 346
367 426
976 261
1832 1022
1832 1824
1832 1021
658 659
658 654
658 668
474 473
474 818
474 1563
474 1038
1545 1715
1545 433
1545 1835
1545 1543
1545 1540
2044 2101
2044 56
2044 2528
2044 2253
1605 1599
847 851
847 1504
847 1613
847 840
1194 1206
1194 1196
1194 1202
2438 90
2438 89
2157 3
2157 2187
2157 51
2157 2138
2649 2159
503 1508
503 2358
503 499
2453 2452
529 1022
529 356
529 1084
529 672
529 528
579 599
579 2393
579 593
340 338
340 337
340 2154
1232 1229
1232 1231
1232 1223
1232 1230
1232 1228
759 1981
759 714
759 737
759 739
759 797
1904 1457
504 499
1225 1289
1225 1280
1225 1223
1225 1230
1225 1264
306 2655
306 2409
306 1382
306 272
1625 1654
1625 1623
1944 110
527 520
527 2244
97 1857
97 192
97 0
97 53
781 922
781 244
781 760
1040 474
1040 1038
929 930
929 2409
929 927
929 2583
929 1608
1943 1663
1943 2187
1943 110
1943 2534
1943 1942
2323 2436
1499 1496
1499 1493
1960 1375
58 0
920 1251
920 918
920 921
1783 474
1783 2432
1783 2433
289 272
2369 2365
179 197
179 261
179 170
928 930
928 2409
928 927
928 2583
928 1608
2651 2650
701 760
701 1118
701 690
597 1093
2189 2188
1811 1810
1811 1963
1811 96
1811 128
2613 2600
2613 2615
2613 1430
1859 1858
2371 2112
2371 2365
1646 1161
1646 1158
1379 1916
1379 1917
1385 1206
1975 302
874 567
874 1284
874 880
874 565
49 1754
49 0
659 658
659 1835
659 668
659 1403
1437 1435
1437 2047
571 890
571 568
571 922
156 115
156 0
156 109
1178 1177
75 1452
75 2258
75 0
2331 2330
1590 816
1590 1563
1590 1131
487 503
487 486
2676 2675
987 1105
987 1674
987 2265
987 223
987 2141
1606 1599
282 1788
282 1413
282 1493
282 2511
282 272
1518 1240
2201 1917
2586 2585
1103 1677
1103 1674
1103 2265
1103 2141
1261 1204
1261 1306
1261 1302
1261 1305
644 2100
644 503
644 504
644 500
1907 1910
1978 1976
1820 1815
655 1818
655 654
2085 2125
2085 1792
89 90
89 88
89 0
89 1972
1786 744
1413 1300
1134 1120
742 714
1506 1509
1506 323
1506 1510
2535 2543
2535 127
2535 2542
2535 1682
148 120
148 0
148 161
454 446
454 997
454 528
1807 2374
1807 1814
1807 1876
1807 96
1803 1891
1803 1892
841 1851
841 840
1354 1351
1965 344
1965 2381
2404 2405
2404 2407
247 249
247 261
247 164
1377 1372
2096 903
1529 1795
1529 230
1529 740
1245 1244
1245 2347
1245 1247
1245 2349
113 0
113 161
462 60
462 94
313 309
313 315
313 1556
313 499
1253 1251
1253 1131
1719 2582
192 1962
192 84
192 854
192 1315
192 170
266 271
266 1617
266 265
351 1194
351 346
1643 1641
1643 1647
60 0
60 1976
2505 364
720 2388
720 714
9 1946
9 1497
9 1784
9 0
9 95
1420 906
1420 1419
1420 2226
1420 2319
836 818
2600 2596
2600 1430
339 919
339 337
339 341
2267 1622
2267 2409
472 467
1141 1139
1757 1756
1757 2063
1757 1883
315 309
315 321
315 317
315 320
1099 1100
1099 431
1099 432
1099 1097
480 479
1441 971
1441 1438
1441 1440
1888 103
2553 2552
844 745
844 840
354 244
354 346
104 2359
104 760
104 0
104 776
2442 1934
2442 2663
223 213
223 261
223 260
223 854
2334 1856
2334 2335
28 0
28 161
1776 1466
2492 871
2000 1999
239 238
239 241
968 193
968 261
968 1015
1031 1024
376 223
376 1237
376 346
376 374
1434 2596
1434 2162
1434 1423
1434 1430
1434 2591
2558 2557
399 433
399 377
1736 1497
1736 1732
1736 95
1335 2098
671 659
671 1818
671 668
671 1403
671 670
634 314
634 915
1533 1891
1533 1531
1533 2461
1533 1893
1761 1756
1761 2063
1761 1883
1282 1280
1282 1302
1282 138
947 223
947 261
947 860
421 377
830 818
1851 849
112 52
112 1030
112 1959
112 0
112 1314
2137 120
2638 2639
2638 2637
1844 1835
1642 1641
382 626
382 619
382 377
1908 1910
1908 2147
1908 1907
1908 1909
140 0
140 86
393 1698
393 377
1116 889
1116 1117
1845 1608
2053 2052
878 881
878 875
878 1202
1853 2042
1853 1222
552 1979
552 551
552 1748
2258 1692
1243 750
1243 1738
1243 821
971 969
971 1438
971 261
971 1791
1339 2193
1339 1336
1339 1342
1429 1423
2296 2295
2296 2298
2296 2297
2623 2624
2623 2614
371 868
371 869
371 865
371 346
371 528
1849 1722
1849 1721
1849 1187
471 1285
471 467
471 848
1126 244
1126 1131
1126 1120
1718 1717
1718 665
1718 1716
2536 2543
2536 127
2536 2542
2536 1682
1549 1663
1549 1552
1549 1547
518 515
518 1717
518 1194
518 1716
518 760
245 216
245 164
665 659
665 1835
1059 1057
2009 2121
2009 242
1367 1368
1367 1365
1367 1363
2214 1409
2214 2483
119 0
119 161
1809 110
1809 120
1809 96
1167 163
614 626
614 618
614 619
614 617
1196 1194
198 950
198 213
198 223
198 261
198 170
1633 1279
1633 1862
1633 2128
889 888
117 0
1052 1044
1052 1742
1052 1047
1052 1467
1691 1694
1691 1688
826 818
826 1071
1046 1048
1046 1776
1046 1044
1046 1799
1046 2171
1273 1206
1273 882
1273 343
1273 880
409 2416
409 2426
409 377
409 2238
1507 1508
1507 2188
1507 1506
933 192
933 261
933 260
933 946
257 2379
257 2381
257 164
2216 2214
379 377
589 579
877 875
877 1473
1415 1416
1415 1413
1630 1921
611 599
1664 744
1128 1120
217 213
1375 1197
1375 1936
1375 1372
2385 75
2385 2258
867 682
867 545
867 865
867 674
867 1538
919 918
919 1304
207 170
2160 1468
2160 2161
863 1266
563 551
563 880
321 318
321 319
1083 1206
1083 1862
1083 881
1083 1082
1083 1033
24 0
237 236
1272 1681
1272 1680
1272 880
1121 1892
1121 2242
1121 1120
323 1508
323 2188
323 321
323 1510
1344 419
1344 549
2481 2480
1183 1182
402 599
402 626
402 1136
402 377
402 604
65 1736
65 0
65 99
2303 2302
2303 2304
750 714
750 2126
85 1419
85 0
85 2530
106 54
106 0
106 95
861 193
861 261
861 854
861 1671
1448 1447
1796 700
989 952
989 988
989 953
752 1605
752 1599
752 714
834 818
834 1294
834 840
834 1501
1825 1824
1092 1091
1937 2187
1937 110
1937 2534
1937 1942
18 0
18 161
407 377
681 1251
681 676
726 511
726 714
1771 1773
1576 1574
1948 3
1948 111
1948 1553
545 544
545 1129
545 528
545 546
545 1120
652 648
652 915
1466 1465
1466 1776
1466 1467
1466 1131
894 892
1903 1902
540 1031
540 528
540 549
2641 2640
1402 2512
1402 1843
1402 1399
1402 1835
1813 1963
1813 96
2604 2596
2604 2605
2604 2602
105 1784
105 0
2406 2405
2406 2404
2406 2564
494 66
494 2425
698 1564
698 1850
698 350
698 690
1454 1453
1454 1455
1563 1130
1133 244
1133 1120
1704 1150
1704 1891
1704 2041
1704 1703
268 818
268 377
268 2418
268 265
1519 1240
1587 1303
1587 1131
1729 2460
1729 1331
1729 2096
1729 1728
1729 1730
1311 52
1311 84
1311 1959
1311 1314
727 511
727 714
56 0
336 333
2573 2571
2573 2575
1996 849
251 499
251 164
1843 2058
1843 1402
1843 1835
1843 2055
1843 2341
1755 93
1755 2325
1755 62
1053 1934
1053 1695
2603 2596
940 191
384 83
384 474
384 377
384 414
731 361
731 1981
731 714
731 737
143 0
143 161
2559 2557
2274 2324
2274 463
777 1194
777 1377
777 760
427 415
427 223
427 377
427 854
2022 2019
2022 2023
455 806
455 446
455 892
455 893
455 641
999 997
999 2002
2039 2428
492 1638
492 490
492 922
2380 257
2380 2379
2380 2381
180 943
180 1438
180 221
180 170
1709 296
1709 745
1709 1230
2624 2603
2624 2614
1841 1924
1841 1926
1841 1835
1096 1093
1234 244
312 309
312 320
1000 1251
1000 997
870 865
870 1131
870 1024
2653 930
2653 2584
2653 1612
2653 2583
1998 1997
1542 1540
1578 1575
1578 1580
1578 2009
1578 1576
1578 2006
141 0
141 86
1274 880
1707 2525
1707 1230
895 892
165 0
1547 1551
1547 95
2367 2365
799 1211
799 244
799 797
799 1570
1464 1195
1464 1684
1464 518
1464 1463
535 682
535 528
535 549
649 648
649 2120
1036 1038
1036 1034
1364 1368
1364 1363
1364 1366
1364 1360
1238 1237
511 505
511 1118
2279 2280
2279 2517
2279 1819
469 467
469 1071
2108 1591
2108 160
1065 1068
1065 1062
1065 2313
412 413
412 377
1515 1240
711 707
711 713
1562 1130
1629 1628
1629 1897
712 794
712 773
712 707
1271 1380
1271 880
428 377
5 93
5 1754
5 94
5 0
5 714
1702 1701
1285 1209
1285 1280
1285 1284
619 626
288 1599
288 1614
288 272
541 1303
541 528
663 659
663 1599
234 231
234 2037
234 1899
253 744
253 164
1947 111
250 377
250 261
250 164
468 900
468 1443
468 467
468 657
418 419
418 377
418 714
418 422
723 714
723 2326
734 904
734 714
2615 2622
2615 1430
1520 1240
381 1493
381 377
381 435
381 2106
1043 1397
1043 1835
1043 1042
1043 1400
594 609
594 599
594 579
594 2393
594 593
2507 461
975 193
975 261
338 340
338 337
338 2154
1269 1634
1269 1350
1269 2115
1269 880
1486 252
1486 264
1426 2625
1426 1423
763 760
763 783
763 1199
1619 738
1619 801
1619 2435
787 788
787 512
787 1118
787 884
1716 1717
1716 1715
1716 2127
1716 665
2597 2596
2390 1873
2390 1944
2259 1551
2259 105
2259 1317
2566 2565
1653 1609
2601 2596
2601 2615
2601 1430
84 52
84 0
1186 1185
1186 1719
1186 2582
1693 1688
158 2099
158 0
205 223
205 854
205 170
248 164
2449 1117
2614 1430
258 164
78 2101
78 143
78 0
2065 2064
2546 2545
2546 1950
2546 2551
110 0
900 658
900 898
397 223
397 427
397 377
397 854
2528 120
1601 1599
1601 1230
680 373
680 676
680 1891
680 2114
1074 1071
715 714
199 213
199 185
199 186
199 170
1069 1320
1069 1062
1443 900
1770 2318
1770 1990
1770 1736
1770 161
1770 95
709 512
709 707
709 791
2226 2201
241 238
241 242
1479 1478
1433 1815
1433 1423
749 1496
749 715
749 714
749 2409
789 512
789 778
507 505
507 528
229 228
229 814
229 225
2283 2286
478 477
478 1776
478 1466
478 1799
478 1797
6 60
6 0
2537 2441
2537 2538
2652 2489
2372 71
1616 1505
1616 1606
1616 1614
700 794
700 796
700 1223
700 690
1352 2101
1352 2174
1352 1355
1352 1351
1352 1354
2281 1819
94 1351
94 1354
94 165
94 0
1019 1192
1019 374
1019 355
1019 1302
425 1493
425 377
425 714
452 1369
452 688
452 995
452 446
244 1237
244 261
244 164
1153 872
1153 1152
1153 781
1153 1155
1007 1005
1007 1375
1007 1961
728 930
728 1606
728 714
728 526
562 345
562 551
562 1275
562 880
177 936
177 938
177 261
177 170
2305 2302
1949 148
1949 2016
1949 111
1949 2136
1503 2671
1503 1493
856 940
856 261
856 260
856 854
856 862
2527 120
1462 1461
1462 1459
1462 665
1235 244
2250 2201
1312 52
1312 112
1312 1959
1312 1314
1312 1318
1526 1240
621 626
621 289
621 619
1881 1890
1881 567
1881 370
1881 884
46 1754
46 2252
46 108
46 107
46 0
2102 2101
2102 73
1977 1978
1977 1976
630 628
1321 1320
1321 2132
1321 439
1321 2133
2568 2567
11 2231
11 78
11 77
11 0
11 161
948 1670
948 205
2158 2314
798 797
798 1177
1493 2704
1493 1502
1493 2706
2248 410
2394 2395
2394 2393
747 1934
747 714
747 745
747 1056
747 2579
986 419
986 223
986 244
2578 2577
120 0
120 71
1980 1951
1980 149
1980 778
1530 2042
1530 938
1041 474
1041 1038
144 1173
144 107
144 0
1104 1674
1104 2265
1104 1103
1104 2141
293 1646
293 857
293 272
1359 1358
1359 1423
1359 1435
1711 296
1711 745
1711 1230
1257 1250
1263 1634
1263 1279
1263 1261
1263 1288
724 714
724 2351
2307 2304
457 446
457 1005
457 760
457 776
457 1009
1604 1599
785 2506
785 783
785 699
809 1927
809 807
1875 1874
1332 2039
1332 1328
1332 2224
1332 1329
1332 1676
1492 1609
1492 814
1492 1648
1492 1488
173 1665
173 337
173 170
803 1590
803 1120
803 797
2020 2019
2020 2031
2020 2525
572 568
572 818
572 2186
572 514
433 377
1913 1914
2674 154
221 213
221 971
221 1438
2232 2231
2232 2233
243 1595
243 241
243 242
59 0
733 714
1886 1736
1886 2477
693 700
693 1668
693 690
185 1670
185 261
185 854
185 170
1534 1715
1534 1531
361 244
361 346
361 1981
361 1120
361 797
1713 2351
1713 1230
1713 2355
1955 2137
1955 1952
1955 2136
952 950
310 309
310 1507
310 1556
310 316
362 803
362 361
362 346
362 1250
362 797
429 419
429 377
1835 1924
828 300
828 818
845 1470
845 1466
845 1467
845 840
674 1084
674 672
1995 1134
632 628
1585 419
1585 1867
1617 1614
458 446
808 872
808 1029
808 807
2298 2295
2298 2297
1221 1130
1221 1562
1221 1218
1494 1493
1586 1802
1586 419
283 300
283 272
2222 2221
914 610
914 912
914 2038
646 642
646 648
646 2419
646 481
646 491
30 1297
30 2101
30 2044
30 0
30 138
501 502
501 315
501 1556
501 499
2027 150
2027 2153
1799 1792
1799 1797
881 875
881 1302
881 1202
353 216
353 346
353 985
538 528
2476 2475
817 811
817 665
817 1467
200 872
200 1237
200 865
200 261
200 170
2084 2083
1291 630
793 1237
793 1241
793 792
88 0
88 1972
1639 83
1639 2
721 714
2403 2401
2117 1454
163 0
1265 1290
1265 1289
1265 1280
1265 1264
1517 1240
909 2576
909 626
909 910
2335 1856
790 1389
790 512
790 875
790 1879
790 884
705 688
705 995
705 690
2656 2658
1939 110
1939 131
1819 2281
1819 1815
1819 2276
1362 1368
1362 1365
1362 1363
1362 1360
2396 2393
2396 2432
61 551
61 1148
61 0
61 1151
61 1703
1280 1209
1280 1285
1280 1302
405 377
851 2048
851 846
851 1504
851 840
1412 1875
1412 1417
1412 1299
449 1656
449 446
449 1211
449 1312
449 1543
467 818
467 840
467 1071
467 832
1801 1792
1801 1797
1801 1800
1537 2482
1537 1306
1537 1305
1055 1053
1055 745
77 0
606 599
1025 1024
1047 1044
1047 1742
1047 1792
1516 1240
1017 197
1017 216
1017 1481
1017 2356
1017 1015
2459 901
1722 1719
1722 2582
966 261
966 219
2494 2493
2682 2321
2682 2685
2682 838
1381 1592
1381 1738
1900 789
1900 2002
1900 1899
1591 1131
1066 1719
1066 1062
1066 1060
1785 1784
2664 1142
188 170
121 56
121 0
121 436
2205 2203
1350 1349
319 317
319 320
1170 1885
1170 1168
1170 1905
1170 67
222 216
222 213
222 1467
1241 1237
1249 1250
1453 1454
1650 1609
1650 1648
2503 109
1098 613
1098 2689
1098 1101
1098 1097
1098 2692
2521 2520
1203 1206
1203 1202
2516 2277
839 818
839 630
839 2133
839 295
1959 1030
1959 1314
1158 872
1158 1161
54 0
54 854
66 309
66 490
66 315
66 0
201 261
201 1015
201 170
201 740
488 503
488 486
1328 1327
1328 1333
1328 1599
1328 1504
1328 1329
2561 2560
2526 2525
149 148
149 2016
149 0
149 111
2356 1669
1070 1320
1070 1069
1070 1062
1070 1060
780 922
780 760
780 776
1064 1069
1064 1062
2531 124
1574 1576
1574 2236
1574 2237
1645 1158
1498 1493
1411 1419
1411 735
1113 1111
303 619
303 272
172 207
172 170
202 205
202 261
202 170
1635 359
1179 1206
1179 876
1179 1180
1179 886
1179 1181
2354 1227
2354 2351
2690 2689
513 505
513 528
39 60
39 0
204 213
204 170
1062 1320
1062 1069
1062 748
1062 1060
1062 1057
537 2523
537 528
1365 1368
1365 1363
1365 1360
610 599
610 2038
1818 1815
2337 2336
57 1351
57 0
2207 2209
2161 2160
2161 2213
2161 2162
2161 2211
2161 2210
1039 474
1039 1038
261 260
261 854
261 164
1669 984
2021 2019
2021 2083
447 446
447 459
2 0
916 1744
916 915
931 2409
931 927
760 1197
760 1824
760 1194
760 1199
760 776
2373 134
2373 114
2373 2530
2373 71
142 140
142 0
142 86
142 139
1370 1369
1370 1095
1370 1378
1370 1372
1765 1756
1765 1767
1765 2063
1765 1883
372 346
372 550
372 528
87 0
730 361
730 1981
730 714
730 737
153 60
153 0
465 91
465 60
465 464
1934 750
437 377
15 0
15 946
15 1337
15 1342
1896 1895
1896 903
1721 1719
1721 2582
1721 1187
2662 2661
107 0
107 86
1086 1084
1086 541
1728 1730
1728 903
256 818
256 261
256 436
256 2111
256 164
2066 752
2066 1627
2066 2064
1727 741
1727 1726
346 854
346 946
2594 2593
302 1975
302 272
1909 1907
1484 1483
1484 162
1191 1756
1191 1031
1191 1766
1191 2430
1525 1129
1525 1240
2218 2217
2444 2443
1685 1684
1685 2170
1685 1778
1685 1777
2168 1663
281 2411
281 272
2474 2473
1627 2467
1627 1623
167 56
1763 1756
1991 1988
2263 2262
2284 2283
2284 2286
2286 2283
1624 1623
398 377
398 714
524 1802
524 520
524 69
524 1031
524 2255
1075 2079
1075 782
1075 371
1075 1090
982 223
383 377
2683 2682
2683 2686
1445 110
284 1493
284 377
284 272
451 446
451 244
451 1543
451 438
451 1570
569 890
569 568
569 1637
569 578
134 0
134 99
374 346
127 120
127 1952
127 0
1184 1182
2031 1209
2031 2525
493 2100
493 66
493 499
1067 1068
1067 1062
1067 1060
1067 2313
355 346
355 1302
1205 1979
1205 1202
1205 1305
1205 1208
1374 1197
1374 1375
1374 1372
692 2506
692 1005
692 785
692 1008
692 690
1491 1488
2705 2704
2705 1502
2705 2706
1387 1206
1387 1390
0 2101
0 2374
0 71
1982 1781
2486 2485
601 599
601 619
601 910
2544 129
2124 1389
2360 2618
2360 1734
2285 2283
2285 2286
640 1297
640 1407
640 636
640 1240
530 528
2478 836
2478 631
1006 1005
1006 1850
1006 698
1006 350
1456 1455
962 193
962 975
962 261
962 211
962 970
2617 2360
1826 1824
980 193
980 1657
980 261
980 979
1095 1715
1095 1378
1095 1093
161 0
767 760
767 365
1326 1327
1326 1325
1326 1329
1363 1368
1363 1366
1363 1360
1522 1240
1842 1405
1842 1835
1842 2055
1119 1654
1119 1563
1119 286
1119 1118
684 1251
684 676
875 881
875 1181
875 1302
875 1202
214 943
214 213
214 477
214 2291
214 1598
833 818
833 1044
833 1053
1892 1891
1129 2073
1129 1120
414 83
414 474
414 377
219 1628
219 936
219 213
219 261
1275 880
1189 1190
1189 2089
1189 1751
1189 2091
1189 1188
1777 1778
1777 1776
1777 2169
1777 2171
2105 2101
2105 115
2105 161
2105 109
441 377
1528 1527
1528 1240
1543 1545
1543 1544
1543 1540
2074 2075
2366 2365
1487 252
1487 2044
667 659
667 2338
667 668
1021 1022
1021 1824
1021 686
1284 1209
1284 1280
2382 973
2612 2615
2612 1430
2088 433
2515 2277
2515 2279
426 367
426 1038
426 377
754 714
871 869
871 371
871 865
1724 1719
456 637
456 446
456 1395
456 638
55 52
55 1959
55 0
1298 1297
1298 1301
1298 1302
1298 1149
2162 2212
2162 2600
2162 2161
2162 2211
2162 1430
1762 1768
1762 1756
1762 1765
1762 2378
1762 1764
2599 2596
2599 1430
2670 1402
331 1784
331 1736
1527 1240
846 2048
846 1599
846 1504
846 840
1051 1044
1051 1053
1051 745
1489 1488
1299 1297
1299 1407
1767 1756
1767 2063
1767 1883
1767 1764
73 0
267 1599
267 265
267 1610
267 272
1917 1916
1394 637
1730 367
1730 1818
1730 1728
1730 903
363 76
363 346
363 776
2272 830
2700 2699
1090 514
1766 1756
1766 2063
464 60
464 465
1532 1531
1252 1251
358 1531
358 1534
358 346
1222 1218
1804 1803
2082 291
2082 2081
873 1745
873 880
873 565
998 997
998 2240
1600 758
1600 1599
2229 2228
439 377
654 658
2122 1389
604 599
604 2393
1349 1350
184 1678
184 223
184 261
184 854
184 170
1893 1891
532 1587
532 528
532 1085
2363 2616
2363 1608
843 840
286 1130
286 1563
286 272
1378 1928
918 1802
1469 2256
1469 1475
1469 1467
801 1739
801 797
380 377
882 1681
882 1273
882 875
882 880
1277 1684
1277 1467
1277 848
1277 1679
1277 880
1181 1206
1181 1202
330 331
330 1814
330 1
400 377
400 714
1376 2079
1376 1832
1376 1824
1376 1095
1376 1372
2131 1321
2131 439
2169 1777
2169 2171
2007 2008
2007 2006
95 56
95 1732
95 0
182 262
182 170
1317 52
2620 2625
2620 2619
2620 2621
2620 2628
714 1698
714 1688
714 1692
714 860
1504 1599
2110 160
550 528
1380 1379
1392 637
1392 2310
575 568
583 587
583 599
583 579
710 794
710 1717
710 2127
710 707
710 1716
176 938
176 261
176 974
176 170
13 2468
13 0
725 1725
725 714
1622 1382
741 1732
741 1727
741 714
741 1726
1207 1286
1207 1979
1207 2005
1207 1202
1207 1208
892 806
892 891
892 893
892 641
848 471
848 1679
848 840
1231 1223
1231 1230
2321 2682
2321 2319
212 205
212 988
212 854
212 170
212 164
974 938
974 261
951 950
951 2042
951 1853
951 261
951 1222
2463 2462
406 1640
406 1333
406 83
406 377
147 1173
147 107
147 0
147 86
175 940
175 261
175 974
175 170
1302 1206
1302 1285
194 213
194 205
194 978
194 170
784 244
784 783
1268 1275
1268 880
1361 1364
1361 1368
1361 1363
1361 1360
211 1389
211 185
211 261
211 170
211 195
1555 1552
1555 1547
366 1194
366 346
1283 1280
616 626
616 614
23 90
23 89
23 0
23 1972
329 325
329 324
186 936
186 199
186 1797
186 170
1673 1672
1295 630
1869 1257
36 0
36 2436
879 1192
879 971
879 875
879 1792
1304 1302
1930 1931
1930 1932
1930 1929
1303 1302
1303 1131
1986 1987
1986 1985
12 1952
12 0
12 71
1806 1551
1806 58
1806 96
2014 1389
2014 1386
2014 370
1607 1795
1607 1599
510 890
510 505
510 659
510 511
510 654
687 676
431 1493
431 377
431 432
431 1097
2123 1389
2328 2327
2524 1661
2584 752
2584 2583
2598 2596
2598 2603
2598 2615
2598 2602
924 345
924 880
2314 251
2465 2466
903 2460
903 1125
903 658
903 2096
903 1599
1366 1368
1366 1363
1366 1360
206 193
206 261
206 184
206 1668
206 170
528 1802
2219 645
2219 480
1557 1558
1557 1556
1557 2071
481 484
481 479
481 500
326 2137
326 324
326 1991
326 854
745 1684
745 1055
745 714
745 840
1003 1795
1003 526
1003 776
631 818
631 836
631 630
631 628
748 1444
748 714
132 2374
132 54
132 0
459 446
102 54
102 0
291 300
291 1719
291 299
291 272
1026 1206
1026 1024
1313 52
1313 1312
1313 55
1313 1315
1423 2600
1423 2587
1423 1430
448 446
448 190
448 1451
2204 2203
1485 252
1485 1990
1485 2548
1485 1554
1485 131
2395 2393
523 520
523 527
523 2244
434 1672
434 377
434 854
2001 778
203 223
203 261
203 260
203 854
203 170
2221 1605
297 1496
297 1493
297 857
297 272
1014 985
1014 1015
40 60
40 94
40 0
689 676
689 372
689 375
729 2707
729 714
1174 2318
1174 1173
1174 2147
1174 1907
1174 1909
910 626
910 1136
1931 1929
2645 2646
2645 753
691 995
691 690
2075 2074
1131 1654
1131 1120
2339 2450
2339 2338
390 377
390 1858
2589 2592
2589 2614
2589 2587
2076 2327
2076 2074
2076 1109
436 377
174 949
174 223
174 1284
174 170
582 599
582 579
582 2393
2035 2520
2035 2032
2035 2522
2035 2518
1288 1306
1288 1262
1288 1273
1288 1305
2434 2132
2514 2513
2133 1321
2133 439
2133 2131
2276 2281
2276 1819
2095 1472
2095 903
911 2576
911 626
911 1783
911 910
1002 1795
1002 526
1002 776
1425 2596
1425 1423
1425 1430
1425 1431
1425 2591
2575 2571
2575 2574
1213 1211
1213 1215
111 3
111 148
111 87
111 0
2063 423
350 1654
350 1850
350 1563
350 346
350 1218
2574 2571
79 760
79 0
79 160
79 1120
2342 2206
2342 1798
625 619
625 606
625 2456
317 320
2549 2550
2549 1950
301 1582
301 272
1964 2632
1964 1963
1338 1335
1338 1336
1781 1782
1781 474
1781 1041
1781 1982
2208 2207
2208 2209
1915 1798
1915 2173
1915 1055
1915 1685
1915 2340
2633 2632
2633 2502
1226 1231
1226 1223
1226 1230
1226 1228
1710 296
1710 745
1710 1230
1502 2704
1502 1493
1502 2706
547 356
547 1630
547 1889
547 528
547 565
1723 1719
1723 2582
2464 2677
2464 2462
607 599
607 2532
607 596
984 223
984 2143
984 1572
984 2060
1248 1244
1248 1146
1248 2398
343 1306
343 341
343 1287
343 1305
401 377
1140 1139
1140 1147
160 2101
160 60
160 0
160 2255
160 166
1476 1475
1476 884
2011 2009
2011 1579
2011 2012
2282 2590
2282 1819
2282 2627
2092 1063
902 658
902 1819
2445 91
2445 2446
2243 2242
2198 2308
2198 2197
985 1211
985 223
985 1015
673 672
673 760
673 792
673 713
673 690
2555 2554
2302 2304
417 1496
417 1493
417 377
299 2439
299 1904
299 714
299 272
1200 1194
136 120
136 0
136 301
136 2547
155 1750
155 1751
155 56
155 0
1793 1563
233 231
923 1206
923 345
923 1488
1692 2040
1692 1688
1692 1608
307 1493
307 2659
307 272
1060 1057
74 127
74 0
2068 2070
2068 2069
2068 2067
1292 630
1292 1294
1292 1501
29 52
29 1959
29 0
19 2101
19 3
19 0
19 73
1966 2405
1966 2407
2697 2696
1686 1460
706 690
588 609
588 579
588 2393
588 593
1989 2642
1989 1988
1679 1274
1679 848
231 433
231 1607
114 1857
114 0
114 99
114 2530
114 71
2685 2682
2685 2321
285 1599
285 272
866 865
866 2073
2347 2348
2347 2349
1854 1388
1649 1648
1649 198
1661 192
1661 428
1223 1230
491 642
491 648
491 490
491 481
491 483
2211 2162
26 1857
26 1873
26 1952
26 0
1082 1083
1082 1033
661 659
661 1042
1336 1335
1336 2098
210 950
210 1670
210 170
934 192
934 261
934 260
934 946
1212 1211
62 0
822 818
822 2365
34 2424
34 78
34 0
34 2268
762 782
762 760
762 706
2654 306
2654 2655
2654 931
349 1130
349 1732
349 346
369 1194
369 760
369 346
802 1227
802 1713
802 2354
802 797
1839 1844
1839 1835
964 216
964 1481
964 261
964 985
549 1802
549 528
432 425
432 1493
432 377
432 1097
993 990
1310 52
1310 112
1310 55
779 512
779 1641
779 760
779 783
779 775
209 969
209 1324
209 261
209 170
209 272
2217 2244
577 568
577 1125
577 513
577 1037
853 852
598 597
1247 1244
1247 2347
1247 2349
1912 425
166 2101
166 0
166 160
1388 1206
1388 1582
1188 1750
1188 1751
1188 155
1666 1665
1142 1139
1142 1143
466 60
466 107
466 2502
208 974
208 170
838 818
838 2682
420 377
1780 1990
1780 474
365 1824
365 346
385 1732
385 377
1085 1084
1972 1970
1972 237
1972 1973
332 2324
332 2323
332 331
332 99
99 1857
99 0
812 1609
812 814
812 811
812 1648
1430 2600
1430 2601
1430 1423
1655 219
590 599
590 579
842 1053
842 1742
842 840
260 261
260 854
260 164
735 1867
735 714
831 950
831 190
831 818
831 196
831 854
1458 1889
1458 1239
2061 503
2061 2060
1512 1240
1612 1599
1612 526
2686 2682
2686 2321
2686 2685
86 2174
86 0
2441 2440
1536 925
1536 1634
1536 1305
1138 1698
1138 1136
996 688
996 995
996 1531
996 1897
778 1447
778 1194
778 1959
778 760
778 1525
2059 2058
2059 2055
2059 2057
1759 1756
1759 1763
1623 2186
1623 433
1870 1257
1870 1869
2121 242
2194 2193
2572 2571
2572 2574
1056 1053
1056 1055
1056 745
344 1297
344 1895
344 1563
344 341
344 1794
2365 2370
2365 2698
704 1850
704 698
704 350
704 690
1435 1428
2116 162
424 377
424 416
559 568
559 551
1294 630
1579 1575
1579 2009
1579 1578
1579 2235
1579 2012
2402 2401
450 446
1078 1084
1078 372
1308 52
496 66
496 713
496 2242
2103 2101
2103 2105
270 2467
270 265
270 272
1149 1148
1149 1417
1868 1867
1868 1607
1868 2678
636 1528
636 1527
636 1240
635 314
635 634
635 1744
635 915
1111 1106
1210 1203
1210 1302
1210 1202
2392 2391
1034 1038
4 100
4 474
4 0
4 714
1199 796
1199 1197
1199 1194
686 676
686 1129
686 1120
855 261
855 854
855 858
2639 2637
1057 1320
1057 1059
1057 1060
2540 2541
2540 547
1316 52
1316 1312
1316 55
1593 1592
2069 2070
1993 1497
1993 134
1993 1988
423 377
423 1858
708 512
708 818
708 707
708 1118
2384 2383
1382 1381
35 2632
35 60
35 2447
35 0
305 272
2462 2677
2462 2464
546 544
546 1129
546 528
546 1120
639 636
639 1240
227 223
227 845
227 1467
227 186
227 978
570 568
570 2041
570 1641
570 1647
570 1700
1553 1547
1553 1955
1553 111
2611 2622
2611 1430
1597 1595
1597 242
2067 2070
804 797
497 66
497 2425
961 943
961 249
961 261
1932 2062
138 2101
138 0
2220 645
2220 480
2104 2101
2104 2557
2278 1819
926 345
926 883
8 1551
8 1547
8 0
8 164
860 223
860 1493
860 261
860 854
1901 1899
2003 2002
737 1981
737 714
1088 2451
1088 1087
2210 2213
1144 1143
1144 2398
2688 2687
1613 847
1613 1599
1968 2405
1968 2404
1968 2407
1968 1966
2297 2295
2297 2298
2412 74
2183 2182
485 484
485 2042
485 1530
2054 550
2054 2001
1314 52
1314 1030
1682 87
1106 2097
1106 1111
295 286
295 272
2702 2701
849 840
880 1680
880 881
880 875
2657 2656
2657 2658
2034 2032
2034 2035
1239 1609
1239 1488
1239 1237
2471 2470
2144 2143
1270 880
2159 2158
2370 2365
2370 118
1135 1120
1544 1715
1544 433
1544 1543
1544 1540
651 653
651 648
651 652
647 2042
647 1530
647 481
805 1556
805 2071
893 806
893 2322
893 891
893 892
893 641
1300 1297
1300 1407
1300 1413
1300 1417
1554 1547
1010 1009
1400 2512
1400 1399
1400 1835
1400 1403
476 475
476 1873
476 922
476 79
476 2344
1124 1795
1124 1120
498 66
498 636
498 483
1747 742
1258 1250
64 1547
64 0
64 99
64 2344
64 68
67 1168
67 1856
67 2333
67 0
67 99
2028 150
2028 2029
370 672
370 346
370 791
370 519
370 1120
786 512
786 792
2518 2520
82 2101
82 2374
82 0
82 71
1115 1111
242 238
242 241
1837 2512
1837 1835
2410 292
81 0
81 164
1214 1211
1214 1212
1560 1130
1560 1535
1560 1559
1560 1891
1296 630
2588 2587
531 1084
531 544
531 922
531 528
531 2073
519 1130
519 515
519 1389
519 1732
519 1614
1620 738
1620 770
2681 2680
1929 1932
1705 1230
1814 99
1814 96
1008 796
1008 1005
444 1493
444 377
1118 1590
1215 1211
2045 2044
556 568
556 551
2148 604
2148 2393
1954 2137
1954 1952
1954 127
1954 74
1954 2146
1792 1799
1792 1791
2114 2422
2114 1892
1145 1143
1774 258
956 52
956 1168
956 950
956 1173
956 163
1101 432
657 1443
657 654
2273 1304
1961 1375
126 110
126 1952
126 0
126 111
2648 2647
1 1736
1 0
1 99
1348 1347
1348 2129
1923 1922
1230 1223
896 892
896 897
2120 2119
273 1863
273 297
273 857
273 272
1431 2600
1431 2162
1431 1423
1431 1430
1431 2591
622 626
622 619
668 659
668 1399
668 1403
1676 1674
1676 1693
1676 1695
124 0
124 123
124 118
675 2249
675 521
675 672
675 922
675 1473
1611 1599
1117 889
2094 903
2050 755
2246 2616
2246 1818
2246 748
2030 1501
2030 2106
71 1874
71 2374
71 0
71 95
71 82
1334 1055
1334 1056
442 377
2268 2424
489 503
489 486
489 2358
489 499
463 60
463 161
2610 1359
1652 1609
1652 1648
443 377
443 714
410 377
410 2326
1589 1131
1256 1135
1256 1250
1256 1748
864 1204
864 1209
864 863
864 875
864 1202
1127 1128
1127 1120
2165 2085
2165 1777
2165 2169
25 0
25 1315
1817 1818
1817 2627
1817 1815
1817 2282
2608 2606
978 262
978 223
978 261
978 184
978 206
461 460
461 446
435 1493
435 377
435 714
191 193
191 261
191 170
224 1648
224 213
232 346
232 231
232 1647
1884 1883
1154 1152
1154 1564
1154 1344
1513 2036
1513 1220
1513 1957
1513 2178
1513 1240
981 261
981 1608
857 854
857 438
22 2539
22 3
22 0
392 1803
392 377
392 2
946 1130
946 1847
946 1158
946 860
1393 637
1393 1394
1393 2310
42 2101
42 1351
42 0
42 161
2538 2537
2538 2441
699 796
699 690
795 794
795 2004
795 1344
1073 1071
53 1857
53 97
53 192
53 0
837 818
837 832
1020 1471
1020 1019
322 69
322 315
322 321
322 499
322 1659
151 60
151 1959
151 0
151 1976
151 103
139 0
139 86
1945 2527
1945 111
2489 2487
342 1206
342 1350
342 1302
342 341
1603 1599
1603 1611
1683 87
1683 71
1146 1143
1146 2398
1395 637
2353 2351
656 658
656 659
656 654
656 668
2107 2403
2107 2106
2253 56
2253 2528
2253 120
915 1217
1876 1874
1876 2374
422 413
422 1493
422 377
953 950
953 989
953 952
1695 296
1695 1934
2304 2302
2304 2675
1797 2338
1749 1190
1749 1751
1749 1752
1974 1975
1974 302
2500 2252
2500 2634
2500 144
2500 107
2348 2347
2348 2349
898 658
770 1233
770 760
775 1824
775 1194
775 760
775 526
955 950
955 1691
955 2223
955 1093
2355 2351
2013 1405
2013 1844
2013 2009
2013 2055
2013 2341
2346 2345
1735 2132
1735 1732
1769 1497
1769 1736
1769 95
2163 2320
2163 2426
2163 1420
2163 2427
131 1873
131 0
131 2441
131 1992
736 1684
736 1397
736 714
736 1403
1045 1044
1045 1608
1950 2016
1950 111
1950 2550
1950 2545
1950 2136
825 850
825 818
395 377
395 714
395 854
1794 1563
1264 1289
1264 1280
1264 924
1264 880
183 1648
183 223
183 203
183 170
470 818
470 467
470 1071
1988 100
1779 1776
1287 1204
1287 1306
1287 1305
1123 1132
1123 1128
1123 1120
294 377
294 272
294 438
1250 1249
2301 2040
2301 250
2167 1663
2167 2556
2167 1942
123 60
123 0
1626 1921
1626 1623
335 333
335 336
2397 2040
2397 2428
897 1216
897 892
897 893
764 1643
764 1599
764 760
327 324
327 1984
1740 1622
1740 1738
2595 2624
2595 2614
2595 2593
92 91
92 0
514 505
1012 688
1012 1011
2343 1401
2343 2057
2431 2430
1800 1792
1800 1797
1800 215
2376 2377
2376 2375
2215 2214
859 976
859 854
2636 2635
2636 2637
2287 511
945 1324
945 947
945 861
945 205
945 860
1976 1978
1697 1696
697 700
697 690
697 1748
907 906
907 2227
907 734
907 904
2073 235
2073 374
2469 2484
1615 1505
1615 1618
1615 1614
2695 2694
2261 1551
2261 105
2261 1317
1831 1824
2502 2632
2502 144
2502 107
1160 872
1160 1029
565 356
565 551
565 880
565 1239
2315 2031
1107 1112
1107 1106
1107 1110
638 637
638 636
638 1395
1414 1413
1414 1419
125 0
739 1981
739 714
739 737
483 482
483 1212
220 213
220 223
220 261
220 854
220 272
1079 1206
1079 1083
1079 1033
629 630
629 1291
629 628
629 1296
1602 1599
1602 1627
1602 2064
580 599
580 579
580 589
1315 52
1315 1962
1315 192
1315 84
1581 1575
1581 2009
1833 1834
1833 1243
1833 1501
1833 1790
269 818
269 2409
269 1382
269 265
269 840
1477 1475
1477 1478
1477 1480
292 1149
292 272
292 1608
1956 1096
1846 1845
1846 1847
509 505
821 818
1866 1865
2023 2019
2023 2022
68 1340
68 0
68 2344
68 1342
1610 2429
1610 1599
1925 1924
1925 2055
596 609
596 599
596 579
2533 2556
2533 1942
103 0
774 818
774 760
690 1130
1120 374
827 2191
827 818
827 2190
827 1298
954 950
954 1031
954 202
526 520
1436 1435
1436 2047
1460 1684
1460 1459
755 1301
755 714
1218 1130
1218 1562
1218 1221
1089 1197
1089 1563
1089 286
1089 514
1764 1768
1764 1756
1764 1765
1764 2378
776 688
776 1194
776 760
776 1199
641 636
641 1240
991 990
2156 3
2156 2157
1514 1509
1514 1507
1514 1240
275 818
275 714
275 2247
275 1382
275 272
858 854
858 857
1992 1988
2257 1855
2257 2642
1202 1206
1743 1742
1583 1599
1583 1611
1583 1582
16 1656
16 0
16 86
16 2203
1726 741
927 2584
927 981
927 2583
1323 1322
1323 1147
1356 1999
2012 2009
2012 1579
2012 1581
2427 2426
1108 1111
1108 1106
1108 1115
1305 1306
1305 1302
578 568
578 1150
578 1148
578 61
615 614
615 619
615 1604
539 2241
539 1031
539 540
539 528
539 549
1027 2241
1027 1024
1027 539
2668 2667
375 372
375 346
375 550
278 2364
278 272
2454 563
506 505
506 515
1687 1460
994 990
994 857
2164 2149
2164 660
2164 1036
1829 1824
1829 1021
1829 1828
38 2318
38 0
51 167
51 0
2529 121
1879 1389
1879 884
1985 2523
884 1389
884 875
884 1879
1254 1251
1254 2255
1828 1824
2637 2635
921 1251
921 920
921 918
835 818
835 2409
835 1071
1228 1223
1228 1230
2275 1819
2275 2278
416 377
913 1053
913 610
913 912
913 2038
1942 1663
1942 110
1942 2168
225 940
225 185
225 261
225 191
862 261
862 854
1720 1719
1720 1721
1720 1723
2135 1565
1596 1595
1830 1022
1830 1824
1830 1021
230 2043
230 228
230 854
1495 1496
1495 1500
1495 1499
1495 1493
1495 429
118 0
554 1150
554 551
554 1563
554 797
581 599
581 579
581 611
581 590
703 1850
703 698
703 1006
703 690
1246 1244
1246 2347
1246 1145
1246 2348
1246 2349
2646 753
1071 1434
1071 2629
2010 2009
2010 1581
2010 2012
246 811
246 972
246 261
246 812
246 164
2185 2184
1567 498
2026 1471
960 189
960 261
1511 1508
1511 2188
1511 258
1511 1510
542 1237
542 528
542 1985
2264 2262
2264 2263
1318 52
1318 1030
1318 1959
1582 1609
1582 2415
1582 1599
1582 1611
2593 2596
1501 1243
1501 2160
1501 1493
1501 1296
942 216
942 940
942 1329
2583 752
2583 2584
215 213
215 223
215 217
215 1835
1836 1835
1836 1589
1451 190
2602 2596
218 1670
218 213
218 1678
162 0
162 2312
162 81
2151 493
272 300
272 433
272 303
272 1382
272 265
171 938
171 1529
171 261
171 170
171 225
2196 2416
2196 2197
2196 409
2196 2678
2196 2511
1958 2036
1958 1220
2591 1820
2400 2399
1236 244
1236 1668
2669 1402
2349 2458
2692 1101
316 1558
316 309
316 1556
316 2071
1371 1369
479 648
479 484
479 486
479 500
276 303
276 272
2269 2268
1114 1111
603 609
603 587
603 599
603 2393
558 890
558 553
558 2309
558 551
2501 107
2501 147
1208 1202
2266 1622
1790 1243
1790 745
1790 1833
96 0
96 71
96 164
2292 411
970 1672
970 261
1608 1599
1608 1382
887 1266
887 1862
887 875
887 2128
1033 688
1033 1969
617 614
617 619
1157 872
1157 1029
1157 2127
1157 1158
403 377
1147 1143
2626 2620
195 1389
195 213
195 261
195 170
1337 1335
1337 2098
1337 1342
1109 2329
1109 2327
1109 2074
1109 1111
1109 1106
957 193
957 950
957 2140
957 2142
277 2195
277 272
670 658
670 659
670 668
2057 1401
2057 2055
2057 2669
1440 971
1440 1438
753 714
753 2646
678 1369
678 1197
678 676
1760 1756
1760 360
1760 1883
1165 1168
1165 1173
1165 163
1165 956
2006 2009
357 346
357 1879
357 884
164 69
164 0
164 71
1187 1185
1187 1719
1541 1715
1541 2361
1541 1543
1541 1544
1541 1540
832 818
979 193
979 261
1748 742
1864 1863
159 0
159 714
593 609
593 599
593 579
593 2393
311 484
311 309
311 66
740 2043
740 223
740 714
740 860
740 1668
1816 1428
1816 1815
592 579
592 2393
592 593
264 252
264 1486
264 1487
264 164
1424 1423
1424 2591
109 2101
109 115
109 0
1193 1192
2448 2447
1569 643
1569 498
508 505
508 818
508 514
500 2100
500 504
500 499
1001 1795
1001 526
1001 776
2306 2304
2570 2569
536 2290
536 1084
536 528
128 0
2446 91
2446 92
1087 1564
1087 549
438 377
438 714
543 528
761 872
761 781
761 760
761 1155
2119 2175
1914 1913
1240 1237
1110 1112
1110 2097
1110 1111
1110 1106
1880 1879
2138 2497
2138 2157
2138 2137
2138 2187
2138 51
