1340 2
2049 2
1471 4
389 1
1130 2
824 2
806 5
1022 3
1594 2
2618 2
2184 2
2308 2
573 7
1319 6
2699 2
52 6
2280 4
2277 4
965 1
240 4
2043 1
1049 4
613 2
1733 2
2417 2
1206 7
516 4
1461 4
1882 7
2480 4
664 4
2563 2
566 7
1195 4
1105 1
1297 2
666 4
694 2
1911 2
2260 6
411 2
2191 2
181 2
1725 4
1408 2
1840 4
758 2
2231 6
1575 4
1309 6
2386 5
949 1
1521 5
872 3
890 7
944 2
193 1
356 3
296 2
287 4
304 2
345 7
1696 4
386 2
1050 4
1861 7
756 6
1967 3
2245 4
2509 4
430 2
633 5
623 2
1505 7
1795 4
2691 2
643 5
925 7
1013 2
2070 2
1383 2
1406 4
932 1
1490 7
47 6
568 7
930 2
746 4
152 6
1293 2
2290 3
387 7
810 7
187 1
1450 1
1447 6
1139 3
415 1
473 3
1628 2
1857 6
1185 4
1550 6
609 2
2460 4
1782 2
1887 6
2609 4
2072 5
495 3
2113 6
2479 2
1418 2
274 2
1712 2
314 5
669 4
1539 3
325 6
1307 2
1584 4
969 1
394 2
1609 7
1885 1
1219 5
1358 4
1094 2
876 7
2320 2
93 6
1369 5
1898 2
1524 5
1860 2
794 7
2513 2
2202 2
1946 6
1030 6
796 5
557 7
1823 5
751 1
228 1
189 1
1750 2
404 2
2251 2
1137 2
2644 3
977 2
1935 4
2689 2
2288 7
2607 2
1546 7
1384 7
1204 7
2491 4
255 2
1029 3
1677 1
1918 2
116 6
1396 5
653 5
2256 4
2631 4
888 6
130 6
133 6
197 1
1482 1
1802 5
2080 3
2707 2
2150 5
1409 2
373 7
1084 3
605 2
1422 2
1810 6
1168 1
1684 4
1812 6
1023 3
2451 3
950 1
943 1
738 2
2466 2
1058 2
2506 5
1905 1
899 4
2015 6
2079 3
1112 2
525 5
1509 5
2316 7
135 6
1159 3
1834 2
1166 6
1016 1
906 2
1428 4
2485 2
2482 7
677 3
1660 1
1663 6
829 2
1577 4
1164 6
72 6
41 6
1398 4
419 2
475 6
1324 1
2504 4
1475 4
1872 4
259 6
216 1
1933 2
608 2
1233 2
2234 6
300 2
440 2
505 4
263 1
683 3
391 2
1535 7
1125 7
1548 6
757 2
1674 1
2299 3
743 2
819 2
2318 6
642 5
2359 2
1180 7
1306 7
21 6
178 1
1416 7
1951 6
2233 6
648 5
122 6
959 1
2271 7
1787 4
768 7
318 5
1353 6
732 2
1176 6
91 6
226 1
2265 1
1410 2
388 2
1523 5
1675 7
591 2
718 6
157 6
1320 2
1690 2
1286 7
1910 6
502 5
2458 3
2118 4
1662 6
271 2
45 6
992 4
2423 6
252 6
814 2
811 4
564 7
1150 2
2571 4
2519 2
905 2
2300 3
1878 4
364 3
328 6
2596 4
1161 7
1267 7
2008 4
1873 6
1171 6
2230 1
2212 4
1568 5
2666 2
1347 1
868 3
1508 5
1658 5
719 2
1990 6
544 3
1468 4
2101 6
515 7
772 2
359 3
1789 4
1081 3
1444 2
1665 1
1717 4
2336 5
702 5
1407 2
2368 2
650 5
50 6
1244 3
1768 2
2389 2
1758 2
967 1
1327 1
685 5
1478 4
662 4
17 7
800 1
769 3
1229 2
1916 2
2405 3
766 2
1640 2
2179 5
1979 7
32 6
2033 4
1592 2
90 6
2616 4
1068 2
1987 3
2130 2
553 7
1227 2
1330 1
1333 1
1754 6
1922 5
1739 7
587 2
1618 4
2090 6
1169 6
548 3
2499 6
2667 2
765 5
453 5
771 7
823 2
1173 6
1644 3
2693 2
1465 4
717 2
937 1
70 6
2552 6
1341 2
1699 5
1301 2
2192 1
145 6
1405 4
1497 6
850 4
1994 2
1156 5
2416 2
1325 1
2086 4
2684 7
169 6
1432 4
368 3
235 2
1741 2
1259 7
2177 4
2249 7
2036 5
1442 4
936 1
1357 2
352 7
1706 2
2523 3
561 2
1756 2
645 5
1427 4
773 4
1459 4
624 2
1373 3
1457 2
2093 2
1737 2
973 1
484 5
1439 4
98 6
972 1
1004 5
1632 7
2352 2
2625 4
521 7
576 7
744 1
682 3
620 2
560 7
520 7
150 6
63 6
2357 6
43 6
1190 2
688 5
1048 4
788 7
1566 2
1651 2
83 7
2576 2
1698 2
31 6
1345 3
1290 7
1838 4
1773 2
2408 7
885 7
154 6
1580 4
1715 4
2155 2
2294 2
1656 4
249 1
408 2
1822 2
522 7
1102 1
1470 4
69 6
1063 2
637 5
1080 7
290 2
1389 7
2252 6
1788 4
460 5
1152 3
2498 6
983 1
2490 4
534 3
2577 2
378 2
2019 7
348 7
2100 5
602 2
44 6
533 3
2426 2
1648 2
1670 1
2377 4
1386 7
1404 4
1808 6
2239 2
445 2
1032 5
1558 5
1734 2
995 7
2634 6
1565 2
1172 6
334 3
2058 4
1924 4
2147 6
2172 4
2488 2
1421 2
612 2
2087 4
2078 1
695 5
76 6
2181 2
2439 2
1621 6
1076 3
2387 6
1472 4
1938 6
1276 7
2539 6
14 6
37 6
1343 2
1827 3
627 2
1077 3
2188 5
1061 4
585 2
1251 3
2581 4
1940 6
2206 4
2174 6
1551 6
1890 7
2424 6
2472 5
2512 4
716 2
2200 2
1242 2
2109 6
1281 7
1028 3
1714 2
80 6
1573 5
7 6
1681 7
599 2
333 3
100 6
1953 6
1018 1
1863 6
815 2
1496 2
1906 1
722 1
672 7
108 6
1874 2
2125 4
1971 6
2132 2
396 2
2004 5
1091 2
901 4
2388 2
813 2
1322 3
2361 4
1654 7
1798 4
1962 1
2089 2
512 4
1746 7
2182 2
2018 3
146 6
1163 5
1483 1
1751 2
1452 1
2170 4
935 1
1220 5
567 7
1564 2
1198 2
48 6
2543 6
626 2
2040 2
2605 4
2497 6
1474 4
574 7
298 2
2056 4
2364 2
137 6
2145 6
2322 5
2452 6
446 5
2520 4
20 6
1672 1
679 7
1701 7
2510 4
262 1
1391 6
1694 2
309 5
347 5
1970 5
2024 7
2112 2
1689 2
1894 7
2679 2
2374 6
279 2
517 5
1054 4
1561 5
1571 7
1784 1
2704 2
2173 4
3 6
2149 2
1224 2
1848 7
2025 2
1201 7
820 2
869 3
1856 6
1122 7
1331 7
1552 6
1772 2
168 6
1162 5
2262 3
190 1
1262 7
1680 7
2467 2
2333 1
2324 6
1634 7
886 7
1217 5
10 6
1708 7
1035 2
1005 5
586 2
2042 5
115 6
939 6
129 6
818 4
1731 2
618 2
280 2
782 5
963 1
1132 3
1852 5
482 5
1753 2
883 7
908 2
308 2
1175 6
1631 7
1355 6
595 2
213 1
2193 2
2484 4
1279 7
2592 4
1260 7
2166 2
938 1
2635 2
1638 2
1775 5
2099 5
600 2
1865 2
2415 4
1941 6
2703 2
555 7
2127 4
33 6
1072 4
254 7
2391 2
1500 2
1197 5
27 6
816 4
413 2
2580 4
1216 5
958 1
1209 7
2017 3
1855 6
477 4
1211 5
101 6
696 5
1588 7
676 3
1136 2
1100 2
584 2
941 1
2332 2
660 2
1401 4
2468 6
891 5
1778 4
196 1
360 5
1559 7
917 5
1895 7
1920 6
367 2
976 1
1192 7
1832 3
658 4
474 2
1545 4
2044 6
1605 2
1824 3
847 4
2632 6
1194 7
490 5
2438 6
2157 6
2083 7
2649 5
1688 2
503 5
997 5
2309 7
2453 6
2241 7
529 3
579 2
340 2
1232 2
759 2
1891 7
1904 2
504 5
1225 7
306 2
1625 7
1944 6
527 7
97 6
781 7
1040 2
929 2
1943 6
2323 6
1499 2
1960 5
707 5
2350 2
58 6
920 7
1783 2
289 2
2369 2
179 1
928 2
2651 2
701 5
597 2
2189 5
486 5
1811 6
2613 4
1859 2
2371 2
1646 2
1379 7
1385 7
1975 2
874 7
1877 4
49 6
659 4
1351 6
1437 4
571 7
238 4
156 6
1178 7
75 2
2331 4
1590 7
487 5
2676 2
987 1
1606 2
2041 2
282 2
1518 5
2201 2
2586 2
1103 1
1261 7
1266 7
644 5
1907 6
1978 6
1820 4
655 4
2085 4
89 6
2450 4
1786 7
1413 2
2052 3
1134 5
742 2
922 6
1506 5
2535 6
148 6
454 3
1807 6
1803 7
841 4
1354 6
1965 7
2404 3
247 1
1377 5
2096 4
1529 5
1245 3
113 6
462 6
313 5
1253 3
1719 4
192 1
266 2
351 7
1643 2
60 6
2505 3
720 2
9 6
1420 2
836 2
2600 4
339 7
2267 2
472 2
1141 3
1757 2
315 5
1099 2
2429 2
480 5
1441 1
1888 6
2553 6
1678 1
844 2
354 7
104 2
2442 4
223 1
2334 6
28 6
1776 4
2141 1
2492 3
2000 2
239 4
968 1
1031 5
376 5
1434 4
2558 6
399 2
2661 2
1736 6
1335 2
671 4
634 5
1533 7
1761 2
1282 7
947 1
2176 4
421 2
830 2
2532 2
1851 2
112 6
2137 6
1821 2
2032 4
2638 2
1844 4
1642 2
382 2
1908 6
140 6
393 2
1116 5
1845 2
2053 3
878 7
1853 5
552 7
2258 2
1243 2
971 1
1339 2
1429 4
2296 2
2623 4
371 3
1849 4
551 7
2197 2
1397 4
471 7
1126 4
1718 4
1595 4
2536 6
1549 6
518 4
1926 4
245 1
665 4
1059 2
2009 4
1367 4
2214 2
119 6
1809 6
1167 6
614 2
1196 7
198 1
1633 7
889 5
117 6
1052 4
1691 2
826 4
1046 4
2329 2
1273 7
409 2
1488 7
1507 5
2447 6
933 1
257 7
1044 4
2216 2
1289 7
379 2
589 2
877 2
1415 2
1630 2
611 2
324 6
1664 1
1128 3
217 4
2358 5
1375 5
2385 2
867 3
2190 2
919 7
2143 5
2317 7
207 1
2160 4
863 7
563 7
321 5
1083 7
24 6
237 5
1272 7
1121 3
323 5
1344 3
2481 4
1183 3
402 2
1850 2
65 6
2303 2
750 4
85 6
106 6
861 1
1448 6
1796 4
989 1
2541 2
2477 2
752 2
834 2
1825 3
1092 2
1937 6
18 6
407 2
681 7
726 2
1771 2
1576 4
1862 7
1948 6
2413 6
545 3
652 5
1466 4
894 5
1903 4
540 3
2641 2
1402 4
1813 6
2604 4
105 6
2291 4
1921 2
2406 3
2411 1
494 3
698 5
1454 2
1563 7
1133 3
1704 2
268 2
1519 5
2195 6
1847 2
1587 7
1729 7
1311 6
2186 7
727 2
56 6
336 3
1531 2
2573 4
1996 4
251 5
1843 4
1755 6
1053 4
2603 4
940 1
384 2
731 2
143 6
2559 6
2274 6
777 5
427 1
2022 7
455 5
999 5
2039 2
492 5
2380 7
180 1
1709 2
2624 4
1841 4
1096 7
1234 5
2565 2
312 5
1000 5
2295 2
870 3
2653 2
2672 2
1998 3
1542 4
1578 4
1237 5
141 6
1274 7
1707 2
2213 4
895 5
165 6
1143 3
1547 6
2367 2
2671 2
799 5
2487 2
1464 4
535 3
649 5
1036 2
1364 4
1238 5
511 4
2279 4
1399 4
2227 2
469 4
2108 7
1065 2
412 2
1515 5
711 4
2140 1
1562 5
1629 2
1419 2
712 4
1271 7
428 2
5 6
1702 7
1285 7
619 2
288 2
541 3
663 4
234 5
253 1
2696 3
2029 1
1947 6
250 2
2187 6
468 4
418 2
723 2
734 2
2619 4
2615 4
1520 5
381 2
1043 4
594 2
2507 5
975 7
338 2
1269 7
1486 6
1426 4
763 5
1619 2
2694 2
787 7
1716 4
2597 4
2390 6
2259 6
2566 2
1653 7
2601 4
84 1
2517 4
1186 4
1481 1
1693 2
158 5
205 1
248 1
2449 5
2614 4
258 5
78 6
2065 4
2546 6
110 6
900 4
397 1
2528 6
1601 2
680 7
1074 4
715 2
199 1
1999 2
1069 2
1443 4
1770 6
709 4
2226 2
241 4
1479 4
1433 4
749 2
789 7
507 7
229 1
2283 2
478 4
2338 4
6 6
2522 4
2134 7
2590 4
2537 6
2652 2
2372 6
1616 2
2327 2
700 5
1352 6
2569 2
2281 4
2461 7
94 6
1019 7
425 2
452 5
244 5
1153 7
1007 5
2399 2
728 2
562 7
177 1
2305 2
1949 6
1503 2
856 1
2527 6
1462 4
1235 2
2250 2
1312 6
2655 2
236 5
1526 5
621 2
1881 7
46 6
2180 2
2102 6
1977 6
630 2
1038 2
1321 2
2568 2
2483 2
11 6
948 1
2152 7
2158 5
798 7
2199 2
1493 2
2248 2
2394 2
1438 1
747 2
986 1
2578 2
120 6
1980 6
1530 5
1041 2
144 6
1104 1
293 2
1359 4
1711 2
1257 7
1263 7
724 2
1957 5
2048 2
2307 2
457 5
1604 2
785 5
809 5
2440 6
1875 2
1332 2
1492 7
173 1
1805 4
803 7
2020 2
572 2
433 2
1913 4
2674 2
221 1
2232 6
243 4
59 6
733 1
1936 7
2407 3
865 3
1886 2
693 5
185 1
2240 5
1534 2
361 7
1713 2
1368 4
1955 6
952 1
2325 6
310 5
362 7
429 2
1835 4
828 2
845 4
1637 7
674 3
1995 5
632 2
2055 4
1585 2
1984 6
1617 2
458 5
808 3
2298 2
1221 5
1494 2
1586 3
283 2
2222 2
914 2
646 5
30 6
501 5
1732 2
2027 6
1799 4
881 7
353 7
538 3
2476 2
817 4
200 1
2084 7
1291 2
793 3
88 6
1639 6
377 2
721 6
2403 2
2142 1
2117 2
163 6
1265 7
1517 5
1148 2
909 2
2335 6
790 7
2016 6
705 7
1742 4
2656 4
1939 6
1819 4
1362 4
2396 2
2567 2
61 2
1280 7
405 2
851 7
1412 2
449 5
2554 6
467 4
1801 4
2660 2
1537 7
1055 4
77 6
606 2
1025 5
1047 4
1516 5
1556 5
1017 1
2459 4
1722 4
966 1
2494 7
2560 2
2236 4
2682 7
1381 2
1900 5
1591 4
1278 7
1066 2
1785 1
2664 3
188 4
121 6
2205 4
1350 7
319 5
1170 1
222 1
1241 3
1249 7
1453 2
1650 1
2503 6
1098 2
2521 4
1203 7
2516 4
839 2
2419 5
1959 6
1158 4
54 6
66 5
201 1
337 2
2062 2
488 5
1328 2
2561 2
2228 7
2526 7
149 6
2356 1
1070 4
780 3
1064 2
2659 2
2531 6
1574 4
1645 2
1498 2
1411 2
2677 2
1113 2
303 2
172 1
202 1
1635 7
1179 7
2354 2
1599 7
2690 2
513 7
39 6
204 1
1062 2
537 3
1365 4
610 2
1818 4
2153 6
2337 5
1417 2
2418 2
1657 1
57 6
2207 5
2161 4
2630 4
1039 2
261 1
1669 1
2021 7
904 2
1871 4
447 5
2 2
1889 3
1641 2
628 2
916 5
931 2
760 7
2373 6
142 6
1370 5
1765 2
372 3
1952 6
87 6
2673 2
730 2
988 1
153 6
465 6
1934 2
437 2
15 2
1896 7
1467 4
1721 4
2662 2
2005 7
107 6
1086 3
1728 4
256 2
2066 2
1727 2
2627 4
346 7
2594 4
302 2
1909 6
1858 2
1484 1
1191 2
1525 7
2218 7
2444 4
1685 4
2168 6
281 2
2474 2
1627 2
167 6
1763 2
1991 6
2263 3
2284 2
2286 2
1624 4
398 2
524 5
1075 3
2422 6
982 1
383 2
2683 7
1445 6
284 2
451 5
569 7
134 6
374 3
127 6
1184 3
2031 7
493 5
1067 4
355 7
1205 7
1374 5
692 5
1042 4
1744 5
1491 7
2705 2
1387 7
0 6
1614 2
1982 2
2486 2
601 2
2544 6
2124 7
2360 2
2285 2
640 2
530 3
2478 4
1006 5
1456 2
962 1
2617 2
1826 3
980 1
1815 4
1095 7
161 6
767 3
2362 4
1326 1
1363 4
1522 5
1842 4
1119 7
684 5
875 7
214 4
833 4
1745 7
1892 3
1129 3
414 2
219 1
1275 7
1189 2
1777 4
2105 6
441 2
1528 5
1543 4
2074 2
2366 2
1487 6
667 4
1021 3
1284 7
2341 4
2382 1
2612 4
2064 4
2088 4
2515 4
2665 2
426 2
754 2
871 3
1724 4
1981 2
456 5
55 1
2115 7
1298 2
792 7
2162 4
1762 2
2599 4
2670 4
331 1
1527 5
846 7
1051 4
1489 7
1752 2
1455 2
1299 2
1767 2
1867 2
73 6
267 2
1917 2
2475 2
1394 5
1730 4
912 2
363 6
2272 2
1151 2
2700 2
1090 7
1766 2
464 6
1532 2
2098 2
1252 7
358 2
1222 5
1804 7
1963 6
2082 2
873 7
998 5
1600 2
2229 7
2437 7
439 2
654 4
2122 2
604 2
1349 7
184 1
1893 7
532 3
2178 5
2363 4
843 4
2525 7
286 2
1378 2
918 5
1469 4
801 2
380 1
2383 4
882 7
1277 4
1181 7
1182 3
330 6
400 2
1376 3
2131 2
2169 4
2007 4
95 6
182 1
1317 6
2620 4
714 2
1504 2
2110 7
550 3
1380 7
1392 5
575 7
583 4
710 4
176 1
13 6
725 2
1622 2
741 2
1207 7
1997 3
892 5
848 7
1231 2
2321 7
212 1
974 1
951 5
2496 2
2463 2
406 7
147 6
175 1
1302 7
194 1
784 7
1268 7
2139 5
1361 4
211 1
1555 6
366 7
1283 7
616 2
23 6
329 6
499 5
2097 2
186 1
1673 1
1295 2
1869 3
36 6
879 4
1304 7
1930 2
1303 7
1986 3
2091 2
12 6
1806 6
2014 7
1607 2
1659 5
510 4
687 3
431 2
2548 6
2123 7
2235 4
2328 2
2524 2
2584 2
2598 4
924 7
2314 5
2678 2
2465 2
903 7
990 7
1366 4
2640 2
2077 1
206 1
528 3
2219 5
2225 7
1557 5
481 5
326 6
745 4
1003 5
631 2
748 2
132 6
459 5
2409 2
1738 7
102 6
291 2
1026 7
1313 6
1423 4
448 5
2204 4
1485 6
2456 2
2395 2
523 7
434 2
2001 3
203 1
2221 2
297 2
1014 1
40 6
689 3
729 2
1174 6
2310 5
910 2
1931 2
2645 6
691 2
2075 2
1131 7
2339 4
390 2
2589 4
783 7
2076 2
436 2
174 1
582 2
2035 4
1288 7
2434 2
2587 4
2514 2
2133 2
2276 4
2095 4
911 2
1002 5
1425 4
2575 4
1213 5
2564 3
2312 1
111 6
2443 4
791 4
2247 2
2063 2
350 5
2574 4
79 6
2342 4
625 2
317 5
2414 5
2549 6
301 6
1964 6
2255 5
1338 2
1781 2
2208 5
1915 4
2633 6
1226 2
1710 2
1502 2
547 7
1723 4
2464 2
607 2
984 5
1248 3
320 5
343 7
401 2
1140 3
160 6
1476 7
2254 2
2011 4
2282 4
2092 2
902 4
2445 6
2243 3
2198 2
985 1
673 4
2555 6
2209 5
2680 2
2302 2
417 2
299 2
1200 7
136 6
155 6
1793 7
233 5
923 7
1692 2
307 2
1060 2
2622 4
74 6
2068 4
1292 2
29 6
2706 2
1024 7
19 6
1966 3
2697 3
1686 4
706 5
588 2
1989 2
1679 7
231 3
114 6
2457 5
2685 7
285 2
866 3
1647 2
2347 3
1854 7
1649 1
1661 2
1572 5
1223 2
491 5
2211 4
26 6
1082 7
661 4
1336 2
2401 2
210 1
934 2
1011 5
2542 6
1212 5
62 6
822 2
34 6
762 5
2654 2
1927 4
349 2
369 7
802 2
1839 4
2547 6
2495 6
964 1
549 3
432 2
993 7
2556 6
1310 6
779 7
209 1
807 5
2217 7
577 7
853 5
1360 4
598 2
1247 3
1912 2
166 6
1388 7
1188 6
1666 1
1142 3
466 6
208 1
838 2
2508 4
420 2
1780 6
365 3
385 2
1085 3
1972 6
332 6
99 6
812 4
1430 4
1655 1
590 4
842 4
2038 2
260 1
735 2
831 1
1458 3
2061 5
1512 5
1612 4
2686 7
86 6
2441 6
1449 1
1536 7
1138 2
996 7
1510 5
778 7
2059 4
854 1
1759 2
1623 2
852 3
1870 3
2121 4
2194 7
2572 4
1056 4
344 7
2365 2
704 5
1435 4
2116 1
424 2
559 7
2224 2
1294 2
1579 4
2402 2
450 5
1078 3
1308 1
496 3
2103 6
2375 4
270 2
1149 2
1868 2
636 5
635 5
1111 2
1210 7
2175 5
2392 2
2378 2
2421 6
1034 2
4 6
1199 5
686 3
855 1
1538 3
2530 6
2455 2
2639 2
1057 2
2540 7
1316 6
1593 2
2069 4
1993 6
423 2
708 7
2384 4
1382 2
35 6
305 2
2462 2
546 3
639 2
227 1
570 2
1553 6
2611 4
1597 4
2067 4
2379 3
804 2
497 3
961 1
1932 2
138 6
2220 5
2643 3
2104 6
2278 4
926 7
8 6
860 1
2585 2
1901 5
2003 3
737 2
2642 6
1088 3
1329 2
2210 4
1144 3
2688 2
1671 1
2237 4
1613 4
2550 6
2051 1
1968 3
2297 2
2412 6
2183 2
485 5
2054 3
1314 6
1682 6
1106 2
295 2
2702 2
2436 6
849 4
880 7
2657 4
2034 4
2071 5
1239 7
2471 5
2144 5
1270 7
2159 5
2370 2
1135 7
2393 2
1544 4
651 5
647 5
805 5
893 5
1300 2
1554 6
713 7
2351 2
2534 6
2663 2
1010 2
1400 4
476 6
1124 2
498 5
1747 2
1258 7
64 6
67 1
2028 6
370 7
786 4
2518 2
82 6
1115 2
242 4
1837 4
2340 4
2410 2
81 6
2470 5
1214 5
1560 7
1296 2
2588 4
531 3
2582 4
519 7
1620 2
2681 2
2129 2
1929 2
1255 7
1705 2
1969 2
1814 6
1008 7
444 2
1118 7
1215 5
2045 6
556 7
2148 2
1954 6
1668 1
2238 2
1792 4
2114 2
1145 3
1774 5
956 6
1101 2
2002 5
657 4
2273 7
2244 7
1961 5
126 6
2311 7
2648 6
1 6
1348 1
2111 2
2435 2
1923 5
1230 2
896 5
2120 5
273 2
1431 4
2289 3
2545 6
622 2
668 4
1676 2
124 6
675 7
1611 2
1117 6
2094 4
2050 2
2246 4
2030 2
2344 2
71 6
2675 2
1334 4
442 2
2268 6
489 5
463 6
2432 2
2610 4
1346 1
2493 7
1652 2
2647 6
443 2
410 2
1589 4
1256 7
864 7
1127 3
2165 4
25 6
1015 1
1817 4
2608 2
978 1
461 5
435 2
191 1
224 1
265 2
2557 6
232 2
2146 6
1884 2
1154 3
1513 5
981 2
857 2
22 6
392 2
946 2
341 1
1393 5
42 6
2538 6
699 7
795 5
1073 4
53 6
837 2
1020 2
322 5
151 6
2313 2
139 6
1945 6
2489 2
2046 2
342 7
1603 2
2430 2
1683 6
2381 7
1446 1
1146 3
2223 2
1395 5
2353 2
656 4
1403 4
2107 2
1883 2
2253 6
915 5
1876 6
2060 5
422 2
953 1
1695 4
2304 2
1097 2
1797 4
1749 2
1974 2
2500 6
2348 3
898 4
770 2
775 7
955 2
2355 2
2013 4
2346 2
1735 2
1769 6
2163 2
131 6
736 4
1045 2
1950 6
825 2
395 2
1794 7
1897 2
1983 6
1264 7
2433 2
2551 6
183 1
470 4
1988 6
1779 4
1287 7
2126 4
1123 3
294 2
1250 7
2301 2
2473 2
2167 6
123 6
1626 5
335 3
2397 2
897 5
764 2
327 6
1740 7
2595 4
2037 5
2511 2
1540 4
1037 7
92 6
514 4
1012 5
2343 4
2431 7
1800 4
2376 4
1667 1
2215 2
859 7
2636 2
2287 2
945 1
1976 6
1697 4
697 5
840 4
907 2
2073 5
2469 4
1615 2
2695 2
2261 6
1372 5
1831 3
2502 6
1160 5
565 7
2315 2
1107 2
638 5
1414 2
2579 2
125 6
739 2
483 5
2562 2
220 1
1079 7
629 2
2621 4
1602 2
580 2
1463 4
1315 6
1581 4
2242 3
1833 2
269 2
2345 2
1477 4
292 2
1956 7
1846 1
509 4
821 4
1866 2
2023 7
68 6
2650 2
1610 2
1925 4
596 2
2533 6
103 6
774 2
690 2
1120 7
2420 2
2698 2
827 2
954 1
526 7
1436 4
1460 4
755 2
1218 5
1089 7
1390 7
1764 2
776 5
641 5
991 7
2156 6
1514 5
2326 2
2428 2
275 2
858 1
1992 6
2257 6
1202 7
1703 2
1743 4
1583 4
16 6
1973 6
1726 2
927 2
1323 3
1356 2
2012 4
2427 2
1108 2
1305 7
170 1
578 7
2203 4
615 2
2701 2
539 3
1027 7
2668 2
375 3
278 2
2454 1
506 7
1687 5
994 7
2164 2
1829 3
2319 2
38 6
51 6
2529 6
1879 7
1985 3
884 7
1254 5
1828 3
2425 3
2637 2
921 7
2628 4
797 7
835 2
1228 2
2275 4
1598 1
416 2
913 2
2154 2
2606 2
1942 6
225 1
862 1
2398 3
1720 4
2135 2
1596 4
1830 3
2081 2
230 1
1495 2
118 6
554 7
581 2
703 5
1246 3
2646 6
1071 4
2010 4
246 1
2185 2
1567 5
2026 2
960 1
1093 1
2293 2
1511 5
542 3
1928 2
2264 3
1318 5
1582 7
2593 4
2687 2
1501 2
942 1
2583 2
215 4
1836 4
1451 5
2602 4
218 1
162 1
1919 6
2151 5
272 2
171 1
1636 7
2171 4
2196 2
1958 5
2591 4
2400 2
1236 1
1791 4
2669 4
2349 3
2692 2
316 5
1371 5
479 5
2270 7
276 2
2330 4
2269 6
1114 2
603 2
558 7
2501 6
1208 7
2266 2
1790 2
96 6
2292 2
970 1
1608 2
887 7
1033 2
1700 2
617 2
1473 7
1157 4
403 2
1147 3
1902 1
2626 4
2136 6
195 1
1337 2
1109 2
957 1
1899 2
2106 2
277 2
670 4
2057 4
1440 1
753 6
1342 2
678 5
1760 2
1165 6
1480 5
2006 4
357 7
1009 5
164 6
1187 4
1541 4
832 2
979 1
1748 2
1864 2
159 6
593 2
1155 7
311 5
740 5
1816 4
592 2
264 6
1424 4
109 6
1193 7
2047 4
2448 6
1569 5
508 2
2629 4
500 5
1001 5
2306 2
2570 4
536 3
1177 1
128 6
2446 6
1087 3
438 2
543 3
2658 4
761 7
2119 5
1914 4
1570 5
1240 5
1110 2
1880 2
2138 6
2128 7
