0 12
1 24
2 2
3 11
4 18
5 11 13 26 35
6 21
7 1 12
8 20
9 11 13
10 11 12 23
11 11
12 11
13 10
14 20 38
15 11
16 11 13 26
17 18
18 25
19 33
20 25
21 11
22 1 22 27
23 12
24 22
25 13
26 12
27 11
28 23
29 22 27
30 1 10 13 14 17 22 27 35
31 13
32 1 25 40
33 20
34 3
35 17
36 12
37 17 36
38 10
39 18
40 33
41 25
42 30 31
43 10 14
44 12 13 36
45 13 17
46 1 16
47 37 6
48 1
49 25 33
50 33
51 1 28
52 1 13 16 17 22 27 35
53 14
54 16 20
55 11
56 1 16
57 13 17
58 12
59 1
60 1
61 32
62 1
63 1 13 17 27 35
64 28
65 25
66 17
67 1 13 17 22 35
68 13 29
69 11 13
70 1 13 16 17 22 27 35
71 1 22
72 13 17
73 1 13 17 22 27 35
74 11 13 26
75 11
76 28
77 12 13 9
78 10 14 17
79 1 13 17
80 1
81 40
82 1 13 17 22 27
83 25
84 13
85 22 27
86 13
87 10 14
88 11
89 23 3
90 1 17
91 1 28
92 25
93 1
94 11 13
95 12
96 1
97 12
98 1 16 20 35
99 1 20
100 1
101 1
102 1 10 17 22 27 35
103 11
104 14 17
105 16
106 17
107 1 22 27
108 1
109 1 13 16 17 27 35 4
110 11
111 11 13
112 1 15
113 1 13
114 1 8
115 11 13 26
116 1 14 27 35
117 1 17
118 13 17
119 22 27
120 16
121 13 30 31
122 11 13 26
123 1
124 11 26
125 1
126 11
127 15
128 1
129 11
130 11
131 1 17 20 22 27 35 4
132 13 22 27
133 35 39
134 17
135 1
136 13 17
137 1 22 27
138 1 10 13 15 16 17 22 27 35
139 17
140 12 18
141 17
142 1 22
143 1
144 32
145 28
146 1 17
147 16
148 1 17 27 35
149 10 14
150 1 17
151 1 16 17 20 35
152 10 14
153 17 22
154 1 11 13 16 17 22 27 35
155 10
156 11 17 22
157 1
158 17
159 1 22 27
160 16
161 1
162 12
163 1 10 17 22 35
164 16
165 1 14 17 35
166 11 13 26
167 1 13 17 35
168 14 17
169 1
170 13 17
171 1 22
172 1
173 1 27
174 1 13 17
175 10 14
176 1 35
177 1
178 1
179 13
180 12
181 10
182 1
183 16 20
184 19
185 17 35
186 17
187 1
188 1
189 1 13 17
190 10 14
191 1
192 25
193 12
194 17
195 11
196 11 13
197 1 35
198 17
199 1
200 1 13
201 1
202 16
203 22 27
204 13
205 11
206 1
207 1 13 16 17 22 35
208 1 17 22 27 35
209 1
210 11 17 35
211 32
212 1
213 17
214 17
215 14 22 27
216 17
217 1
218 1 27 35
219 1 17
220 1
221 11
222 1 10 13 16 17 27 35
223 13 17
224 1 22 27
225 17
226 17 22 27
227 1 17
228 13
229 1 22 27
230 10 14
231 1
232 17
233 25
234 1
235 1
236 1 35
237 1 13 17
238 1 10 14
239 11
240 16
241 11 13
242 13 17
243 11
244 1
245 17
246 17
247 1
248 1
249 1 13 27 35
250 1 17 22 27
251 1 17 35
252 12
253 17
254 1 10 14 22
255 1
256 16
257 1
258 1 15 17
259 40
260 1
261 17
262 13
263 15
264 10 14
265 1
266 1
267 16
268 17
269 17
270 17
271 17 22
272 1 17
273 17
274 1 17
275 1 17 22
276 1 10 13 14 17
277 1
278 17
279 1 13 17
280 17
281 10 14
282 10 14 17
283 1 22 27
284 28
285 1
286 40
287 13
288 35
289 20
290 1 17 27
291 1
292 1 17 22 35
293 16
294 1 16
295 1 15
296 1 16
297 1 35
298 10
299 11
300 10 14
301 1 16
302 1 16
303 35
304 1 22
305 1
306 13 17
307 1 17
308 13
309 1
310 1
311 13 17
312 1
313 1 22 35
314 10 14
315 13 17
316 30
317 1
318 1 27
319 1
320 1 17 27 35
321 16
322 1 22 27
323 1
324 11 13 26
325 17
326 1 16
327 1 17
328 1 16 17 20 35
329 1
330 10 14
331 16
332 16
333 16
334 1 22 27
335 22 27
336 1 22 27
337 1
338 1
339 1
340 17
341 17
342 10 14
343 10 14 17
344 13
345 17
346 16 20
347 1 35
348 1 13 17 26
349 1 11 13 35 4
350 13
351 1 17
352 1 27
353 16
354 1 13 17
355 17
356 16
357 1
358 28
359 17
360 1 17 35 4
361 1
362 17
363 10 14
364 20
365 17
366 1 22
367 1
368 1 16 20
369 1
370 17
371 1 22 27
372 17
373 16 20
374 17
375 1
376 13 17 22
377 1
378 17
379 1 17 27
380 2
381 1
382 17
383 1 15
384 16
385 16
386 1 22 27
387 1
388 1 17
389 1
390 1 17
391 35
392 17
393 1
394 1 13 17
395 17
396 16 20
397 10 14
398 1
399 10
400 25
401 1
402 1 13 17 27 35
403 1
404 10 14
405 40
406 1 17 35
407 1 17
408 1 13 17 22 27 35
409 1
410 1
411 13
412 17
413 16 20
414 1 16
415 17
416 1 35
417 16
418 1 17
419 16
420 16
421 1
422 1
423 11
424 1 17
425 1
426 1
427 1
428 17
429 13 17 22 37
430 1 22 27
431 1
432 16
433 17
434 1 11 17
435 10 14 17
436 16
437 16
438 17
439 1 17 35
440 16 20
441 1
442 14 17
443 1 27
444 1 17
445 13
446 10 14 17
447 1 17 22
448 25
449 30
450 1
451 10 14
452 17
453 1 22 27
454 1
455 1 13 27 35
456 1 22 27
457 16
458 16
459 1
460 17
461 16
462 1
463 1
464 1
465 1 22 27
466 1 10 17 27 35
467 16 20
468 1
469 1 28
470 40
471 1 17
472 1
473 1
474 1
475 1 22
476 17
477 16
478 17
479 1
480 10 14 17
481 10 14
482 1 17 35
483 17
484 13
485 13 17
486 16 20
487 17
488 16 20 35
489 17
490 1 22
491 16
492 16
493 17
494 17
495 1
496 1 10 17
497 15
498 35 4
499 1
500 11 26
501 1
502 1
503 13
504 1
505 1
506 22 27
507 1 22 27
508 1
509 37 6
510 1 17
511 1 17
512 1 27
513 17
514 1 17
515 1 17 27 35
516 13 17
517 17
518 11
519 16 20
520 1
521 11 13 17
522 1
523 1 11 13 20 22 35
524 16 20
525 17
526 1
527 1 22 27
528 1
529 1
530 10 14
531 17
532 1
533 16
534 1
535 14
536 1 35
537 1 22
538 1
539 22 27
540 1 22 27
541 1 17
542 1 17
543 13
544 1 16
545 1 22
546 16
547 1
548 1
549 1 22 27
550 1
551 25
552 1 15
553 1
554 1
555 13 37 6
556 16 20
557 1
558 1
559 17
560 16
561 12 13 18
562 1 22
563 10 14
564 1 27 35
565 1
566 17
567 20
568 17
569 10 14
570 10 14
571 4
572 1 11 13 27 35
573 13 17
574 1 15
575 1 17
576 1 13
577 1 35
578 1
579 17
580 10 14
581 16
582 1 22 27
583 1 22
584 17
585 13 17
586 1
587 1
588 11
589 1 15
590 15
591 1
592 17 35
593 1
594 1 22 27
595 17
596 25
597 1 27 35
598 17 22 27
599 1 22 27 28
600 16
601 1
602 17
603 1 27
604 16
605 17
606 10 14
607 1
608 1
609 1 17
610 14 17
611 1
612 17
613 1 35
614 1 22 27
615 11
616 1 10 13 16 35
617 1
618 1 17
619 1 11 13 35
620 16 20
621 1 35
622 11
623 1
624 11 13 26
625 1
626 1
627 16
628 17
629 1
630 10 14
631 1 17 22 27
632 1
633 1
634 1 16 17
635 1
636 1
637 33
638 16
639 1 22
640 1 10
641 20
642 1 17
643 14
644 17
645 1
646 16
647 13
648 1
649 1 35
650 1
651 1 22 27 35
652 13
653 16
654 10 14
655 10
656 1
657 1
658 1
659 16
660 1
661 10
662 1 22 35
663 15
664 17
665 13
666 16 20
667 1
668 1
669 16
670 22 6
671 1 27
672 1
673 11 13 26
674 1 22
675 40
676 1
677 1 17
678 1
679 1 17
680 1
681 22 27
682 16
683 13
684 14 17
685 11
686 1 22
687 1
688 1
689 1
690 1 17
691 16
692 30
693 1
694 13
695 1 14 17 22 27
696 10 14 17
697 1 16
698 1
699 1 11 17
700 1
701 1 22
702 13 17
703 1 17 35
704 1
705 1
706 1
707 16
708 16
709 17
710 17
711 13
712 16
713 4
714 16
715 1
716 16
717 13
718 1
719 16
720 13
721 22 27
722 16
723 17
724 16
725 39
726 10 14
727 1
728 1
729 16
730 1
731 1
732 16
733 1
734 17
735 1 17
736 17 22 27
737 28
738 17
739 4
740 1
741 10 14
742 1
743 16 20
744 1 35
745 1 35
746 1
747 13
748 17
749 1
750 1 17
751 17
752 10 14
753 13 37 6
754 10 14
755 16
756 1 35
757 17
758 16
759 1 27
760 10 14
761 1 22 35
762 1
763 1
764 1
765 1 17
766 17
767 16
768 16
769 16
770 17
771 1
772 1
773 1
774 1
775 1
776 1
777 1
778 40
779 1
780 1
781 1 15
782 16
783 10 14
784 1
785 13
786 1
787 5
788 17
789 10 14 17
790 17
791 1 22 35
792 1
793 13 26
794 1
795 1
796 1
797 10 14
798 16 20
799 1 17
800 1 17
801 1 27
802 1
803 1
804 1
805 1 35
806 10 14
807 14 17
808 1
809 1 17
810 1
811 1
812 16 20
813 1
814 1
815 22 27
816 14 17
817 1 27
818 16
819 16
820 13
821 10 14
822 1
823 13
824 16
825 10 14 17
826 17
827 1 16 20 35
828 1
829 16
830 1 17
831 10 14
832 1
833 10 14
834 1
835 1
836 17
837 1
838 1 22 27 35 4
839 1 17
840 16
841 1 17 35
842 16
843 2
844 10 14
845 11
846 17
847 16 20
848 16
849 1
850 16
851 1
852 22 27
853 1
854 22 27
855 10 14
856 17
857 16
858 17
859 1
860 1 22 27
861 1
862 1 27
863 1 17 35
864 10 14
865 1
866 17 22
867 1
868 10 14
869 1
870 1
871 1
872 1 17
873 1 15
874 1 22 27
875 1
876 13
877 13
878 17
879 10 14
880 1 17 27 35
881 1 13
882 1 17 27 35
883 16
884 1 22
885 17
886 1
887 13
888 1 17
889 1
890 1
891 16
892 1 27 35
893 1 35
894 1 13
895 16
896 16
897 1
898 1 17
899 1
900 1 17
901 16 20
902 16 20
903 16
904 17
905 10 14
906 1
907 10 14
908 22 27
909 1 22 27
910 13
911 16
912 1
913 1 14 22
914 1 17 35
915 11 22
916 16
917 16
918 16 20
919 1 22 27
920 10 14 17
921 1
922 14
923 1
924 1
925 17
926 1
927 16
928 15
929 22 27
930 1 16 20 22 35
931 1 17 22
932 17
933 1
934 1
935 1 17
936 34
937 16
938 17
939 1 22
940 1
941 20
942 1
943 16
944 1
945 17
946 1 13 17
947 1
948 16
949 1
950 1 22 35
951 14
952 22
953 15
954 4
955 1 17
956 17
957 1 22
958 10 14
959 10 14
960 17
961 16
962 1 35
963 13
964 1 10 13 22 35
965 1
966 1 17
967 20
968 17 22 27
969 1
970 1 22 35
971 16
972 33
973 17
974 1
975 13
976 1
977 1 17
978 17
979 16
980 1 22 27
981 22 27
982 10 14 22
983 1
984 1 17 35
985 13
986 1 22
987 1 22
988 1 17 35
989 1
990 1
991 13
992 1
993 22 27
994 1 13 35
995 14
996 16
997 16
998 1
999 22 27
1000 16
1001 17
1002 1
1003 16
1004 22 27
1005 1
1006 1
1007 1
1008 1 17 22 35
1009 1 27 35
1010 1
1011 16 20
1012 13
1013 1 17
1014 14 22 27
1015 20
1016 1
1017 1
1018 1 22 27
1019 1
1020 16 20 35
1021 1
1022 14 35
1023 16
1024 10 14
1025 13 17
1026 10 14
1027 16
1028 1
1029 22 27
1030 1 17
1031 22 27
1032 16
1033 15
1034 1
1035 1
1036 1 27 35
1037 1
1038 16
1039 1
1040 1
1041 1
1042 17
1043 1
1044 11 13 17
1045 13
1046 1
1047 17
1048 16
1049 1
1050 17
1051 1
1052 10
1053 16 20
1054 22 27
1055 1 17 22
1056 1 22 27
1057 22 27
1058 22 27
1059 1 17 22 27
1060 16
1061 1
1062 1
1063 1
1064 16
1065 17
1066 1
1067 1
1068 11
1069 3
1070 17
1071 16
1072 16
1073 13
1074 1
1075 17
1076 1
1077 1 17 35
1078 16
1079 1
1080 1 14 27 35 4
1081 1
1082 1 15
1083 16
1084 16
1085 10 14
1086 17
1087 10 14
1088 16
1089 1 17
1090 1
1091 17
1092 1
1093 13 17
1094 4
1095 1
1096 1
1097 35
1098 1 22 27
1099 16
1100 1 22
1101 1
1102 6
1103 16
1104 1 27
1105 1
1106 1 13 17 36
1107 1
1108 6
1109 30
1110 10 14 17
1111 1 22
1112 22 27
1113 1 15
1114 10 14
1115 16 20
1116 1
1117 1 22
1118 1
1119 1 17 35
1120 17
1121 17
1122 1 22 27
1123 10 14 17
1124 1
1125 16
1126 16
1127 1
1128 17
1129 1
1130 10 14
1131 17
1132 10 14
1133 1 13 27 35
1134 1 10 14 22
1135 10 14
1136 10 14
1137 1
1138 16
1139 10 14
1140 20
1141 1 16 20 22 35
1142 15
1143 1
1144 1 17
1145 10 14
1146 17
1147 10 14
1148 16
1149 17
1150 16
1151 1
1152 1
1153 1
1154 16
1155 1
1156 10 14
1157 16
1158 1
1159 16
1160 16
1161 1 17 27
1162 17
1163 20
1164 15
1165 22 27
1166 1
1167 17
1168 15
1169 1 22
1170 1 17 35
1171 22 27
1172 17
1173 22 27
1174 1
1175 17
1176 16
1177 1 22
1178 14
1179 17
1180 16 20
1181 17
1182 16
1183 17
1184 16 20
1185 10 14
1186 1
1187 17
1188 17
1189 1
1190 16
1191 10 14 17
1192 1 22 27
1193 22 27
1194 16
1195 1 22 27
1196 1
1197 20
1198 16
1199 10
1200 16
1201 1
1202 13
1203 1 35
1204 4
1205 22
1206 16
1207 15
1208 16
1209 13 17
1210 17
1211 16
1212 17
1213 1 22
1214 1
1215 18
1216 13
1217 10 14 17
1218 13
1219 16
1220 1
1221 1
1222 1 35
1223 16
1224 1
1225 1
1226 13
1227 1
1228 1
1229 1
1230 1
1231 20
1232 17
1233 16
1234 22 27
1235 1
1236 1
1237 1
1238 1 22
1239 17
1240 1
1241 10 14
1242 16
1243 13
1244 10 14
1245 10 14
1246 13
1247 1
1248 1
1249 1 22 27
1250 13
1251 1 35
1252 11
1253 10 14
1254 1
1255 10
1256 13
1257 17
1258 13 18
1259 1
1260 1
1261 13
1262 10 14 17
1263 16
1264 1
1265 16
1266 16
1267 1
1268 1
1269 1 16 17 35
1270 1
1271 1
1272 1 22 27
1273 17
1274 1 17
1275 1
1276 1 17
1277 16
1278 1
1279 16
1280 22 27
1281 1
1282 1
1283 22 27
1284 15
1285 1
1286 1
1287 1
1288 1
1289 16
1290 1
1291 1
1292 14
1293 1
1294 1
1295 1 15 17
1296 13
1297 10 14 17
1298 1
1299 1 22
1300 1 13 22
1301 17
1302 1
1303 1
1304 1 22 27
1305 1 15
1306 13 17
1307 1 13
1308 1 17
1309 1
1310 16
1311 16
1312 1
1313 1
1314 1
1315 1 17
1316 1 35
1317 1 22
1318 1 17
1319 16 20
1320 10 14
1321 1
1322 1
1323 17
1324 1
1325 16 20
1326 16 20
1327 4
1328 13
1329 11 13
1330 1
1331 1
1332 16
1333 13
1334 1 22
1335 1 35
1336 16
1337 1 35
1338 10 14
1339 16
1340 1
1341 16 20
1342 16
1343 16
1344 22 27
1345 16
1346 16
1347 10 14
1348 22 27
1349 20
1350 1 17
1351 17
1352 1 27 35
1353 1
1354 4
1355 1
1356 16
1357 1
1358 16
1359 17
1360 16
1361 13
1362 1 10 14 22
1363 1 35
1364 1
1365 16
1366 20
1367 20
1368 1 22 27
1369 16
1370 1 10 35
1371 16
1372 40
1373 16
1374 1 22 27
1375 1 15
1376 1
1377 32
1378 1
1379 1
1380 1 27
1381 17
1382 1 22
1383 16
1384 1 22
1385 1
1386 16
1387 1
1388 1 22
1389 10 14
1390 17
1391 16 35
1392 10 14
1393 4
1394 1 35
1395 1 10 14 27
1396 1
1397 16
1398 1
1399 1
1400 1
1401 13
1402 16
1403 13
1404 14 17
1405 1
1406 1
1407 10 14 17
1408 10 14
1409 13
1410 1 35 4
1411 1 35
1412 1 17 35
1413 10 14 17
1414 16
1415 17
1416 17
1417 16
1418 1
1419 14
1420 1 35
1421 13
1422 1
1423 1
1424 1 22 35
1425 1 22
1426 16
1427 10 14
1428 1 22
1429 16 20
1430 17
1431 1
1432 1
1433 1
1434 1
1435 10 14 17
1436 10 14
1437 1 17
1438 15
1439 1
1440 1 35
1441 16
1442 1
1443 22 27
1444 1 17 35
1445 1
1446 15
1447 17
1448 10 14
1449 10 14
1450 10 14
1451 1 17 35
1452 17
1453 1 35
1454 22 27
1455 1 22 27
1456 1
1457 1
1458 1
1459 1
1460 1 35
1461 17
1462 17
1463 1
1464 1
1465 13
1466 16
1467 10 14 17
1468 1
1469 1 35
1470 11
1471 16
1472 16
1473 1 17
1474 17
1475 1 15
1476 17
1477 1
1478 1
1479 15
1480 17
1481 1 22
1482 10
1483 22 27
1484 1
1485 1
1486 16
1487 1 17
1488 1
1489 10 14
1490 10 14
1491 1 22 27
1492 16
1493 1
1494 16
1495 16
1496 15 17
1497 1
1498 17
1499 1
1500 1
1501 40
1502 1 13 35
1503 1 15
1504 40
1505 16
1506 1
1507 11
1508 1
1509 14 17
1510 1
1511 1
1512 16
1513 1
1514 1
1515 1
1516 1
1517 10 14
1518 10 14 17
1519 1
1520 10 14
1521 1
1522 1 22 27
1523 13
1524 1
1525 1 17
1526 17
1527 1 17
1528 16
1529 1 17 35
1530 1
1531 13
1532 17
1533 16
1534 20
1535 10 14
1536 1
1537 1
1538 16
1539 1
1540 1 22
1541 1 15
1542 1
1543 1 17 35
1544 10 14
1545 16
1546 1
1547 1
1548 1 17 27 35
1549 10 14
1550 17
1551 16
1552 17
1553 1
1554 1
1555 1 22 27
1556 1 22
1557 16 17 35
1558 15
1559 10 14
1560 16
1561 17
1562 16
1563 1
1564 1 22
1565 1 22
1566 1 27
1567 1 10 35
1568 22 27
1569 17
1570 35
1571 1 16 35
1572 1
1573 1 15
1574 17
1575 1
1576 16 35
1577 1
1578 1
1579 15
1580 1
1581 35 39
1582 16
1583 1
1584 1
1585 1 22
1586 10 14
1587 1
1588 1
1589 17
1590 1
1591 13
1592 13
1593 1
1594 17
1595 13
1596 16
1597 14 17
1598 22 27
1599 1 27
1600 1
1601 40
1602 1
1603 1 27 35
1604 1 17
1605 16
1606 1
1607 1
1608 1 35
1609 12 35 4
1610 1 35
1611 1
1612 16
1613 1 17
1614 1
1615 1 22 27
1616 10 14 17
1617 1 17 35
1618 17
1619 1 17
1620 16 35
1621 1 22
1622 1
1623 17
1624 1 17
1625 17
1626 1
1627 40
1628 1
1629 1
1630 1
1631 17
1632 1 16 20
1633 10 14
1634 6
1635 30
1636 10 14
1637 22 27
1638 16
1639 1
1640 1
1641 17
1642 13
1643 1
1644 16
1645 17
1646 1
1647 17
1648 10
1649 1 15
1650 16
1651 16
1652 16
1653 1
1654 1
1655 17
1656 1
1657 1 27
1658 1
1659 13
1660 1
1661 20
1662 17
1663 14
1664 1
1665 1
1666 1
1667 1 10 14 22
1668 1 22 27
1669 1
1670 16
1671 16
1672 1
1673 16 17 20 35
1674 1
1675 16
1676 17
1677 16
1678 17
1679 10 14
1680 1 17 35
1681 17
1682 17
1683 1
1684 1 35
1685 1
1686 1
1687 16 20
1688 17
1689 1
1690 15
1691 1
1692 22 27
1693 16 20
1694 1
1695 10 14 17
1696 17
1697 1 35
1698 1
1699 20
1700 13 27
1701 1
1702 10 14
1703 13
1704 1 35
1705 16
1706 20
1707 1
1708 1
1709 1
1710 22 27
1711 17
1712 17
1713 1 35
1714 16 20
1715 1 22
1716 16
1717 10 14
1718 1
1719 1
1720 1 17
1721 10 14
1722 16
1723 4
1724 1
1725 15
1726 1 22
1727 1
1728 1
1729 1 10 35
1730 1 22 27
1731 22 27
1732 10 14
1733 16
1734 17
1735 20
1736 15
1737 1
1738 1
1739 1
1740 16
1741 16
1742 1
1743 16
1744 10 14
1745 10 14
1746 16
1747 22
1748 10 14
1749 16
1750 17
1751 1
1752 17
1753 17
1754 1 22 27
1755 39 8
1756 1
1757 1 16
1758 40
1759 10 14
1760 16
1761 1
1762 13
1763 1
1764 10 14
1765 13
1766 11
1767 1 17
1768 17
1769 16 20
1770 17
1771 1
1772 16
1773 1 22
1774 10
1775 10 14
1776 1 22
1777 16 20
1778 1 17 27
1779 1 20 27
1780 1 13 27 35
1781 1
1782 15 17
1783 17
1784 17
1785 1
1786 16
1787 1 22
1788 1
1789 1 35
1790 16 35
1791 1
1792 1 22 27 35
1793 10 14
1794 1
1795 17
1796 20
1797 17
1798 1 22 27
1799 1 22
1800 16
1801 17
1802 15
1803 1 17
1804 17
1805 1
1806 20
1807 17
1808 1
1809 6
1810 1
1811 16
1812 17
1813 1 17 22
1814 1
1815 1
1816 1 17
1817 1
1818 1 15
1819 1 35
1820 1
1821 1
1822 17
1823 1
1824 12 18
1825 17
1826 35
1827 17
1828 4
1829 16
1830 22 27
1831 1 22 27
1832 1
1833 10 14
1834 1 16 17 35
1835 1
1836 1
1837 14
1838 1 35
1839 1
1840 1
1841 1
1842 17
1843 10 14
1844 13
1845 17
1846 16
1847 10 14 17
1848 13
1849 17
1850 22 27
1851 10 14 17
1852 20
1853 16
1854 1
1855 13
1856 1
1857 1 17
1858 1 22 27
1859 1 17
1860 10 14
1861 1
1862 10 14 17
1863 35
1864 1
1865 1 17
1866 1 35
1867 1
1868 10 14 17
1869 1 14
1870 1 15
1871 16
1872 1 17
1873 17
1874 1
1875 1
1876 13
1877 16
1878 1
1879 1
1880 16
1881 15
1882 1
1883 1 17 35
1884 1 27
1885 1 35
1886 1
1887 1
1888 1
1889 1 17 35
1890 1
1891 16
1892 1
1893 1
1894 1
1895 1 22
1896 1
1897 1 35
1898 1
1899 17
1900 17
1901 17
1902 1
1903 1
1904 1
1905 1
1906 1
1907 22
1908 1 17
1909 17
1910 1
1911 16
1912 1 15 17
1913 13
1914 16
1915 1 35
1916 1 16 17
1917 10 14
1918 11 13
1919 1 22 35
1920 15
1921 1
1922 1 17 35
1923 16
1924 11
1925 17
1926 1 35
1927 17
1928 1 16 20
1929 10 14
1930 17
1931 1 16 20 35
1932 16
1933 1
1934 1 15
1935 1
1936 11
1937 17
1938 1
1939 16
1940 16
1941 1
1942 1
1943 1
1944 1
1945 1 15
1946 1
1947 1 22 35
1948 1 22
1949 16
1950 1
1951 1
1952 1
1953 1
1954 13
1955 14 17
1956 16
1957 17
1958 1
1959 1
1960 10 14 17
1961 1
1962 16
1963 14 17
1964 16
1965 1
1966 10 14
1967 10 14
1968 1 22
1969 16
1970 1
1971 20
1972 16
1973 1 13 35
1974 17
1975 1 16 20
1976 17
1977 1 22
1978 16 20
1979 1
1980 22 27
1981 1
1982 20
1983 1
1984 10 14
1985 13
1986 14
1987 15
1988 1
1989 1
1990 1 15
1991 1 17
1992 1 22 35
1993 13
1994 17
1995 10 14 17
1996 1
1997 1
1998 13
1999 1
2000 1
2001 1
2002 10 14
2003 1
2004 1 22 27
2005 1 35
2006 1 35
2007 10 14
2008 1
2009 1
2010 17
2011 1 17
2012 1 17
2013 16
2014 1
2015 1
2016 16
2017 15
2018 17
2019 10 14
2020 1
2021 17
2022 1 15
2023 1
2024 1 35
2025 17
2026 16
2027 1
2028 1
2029 17
2030 17
2031 25
2032 1 35
2033 17
2034 1
2035 16
2036 17 35
2037 16
2038 1 16
2039 17
2040 1
2041 17
2042 17
2043 16
2044 10 14 17
2045 1
2046 1
2047 10 14
2048 13 22
2049 1
2050 1
2051 1
2052 4
2053 20
2054 15
2055 1
2056 1
2057 17
2058 1
2059 1
2060 6
2061 17
2062 16
2063 15
2064 1 35
2065 10 14
2066 16 20
2067 1
2068 10 14
2069 1 17 35
2070 16
2071 17
2072 1 35
2073 16
2074 1 35
2075 17
2076 1 17
2077 1 17 35
2078 1
2079 13
2080 1 17
2081 16 20 35
2082 1
2083 10 14
2084 16
2085 1
2086 1 15
2087 1
2088 1
2089 1
2090 1
2091 1
2092 1
2093 1
2094 1
2095 17
2096 16
2097 10 14
2098 1
2099 10 14
2100 1
2101 1
2102 1 22
2103 1 22
2104 1
2105 1
2106 1 14
2107 16
2108 13
2109 1
2110 13
2111 22 27
2112 15
2113 10 14
2114 1 27
2115 17
2116 10 14
2117 1
2118 13
2119 1
2120 15
2121 17
2122 16
2123 16
2124 1 10
2125 1
2126 16
2127 10 14
2128 17
2129 1 17 35
2130 10
2131 1 16
2132 17
2133 16
2134 6
2135 10 14
2136 1 17 22
2137 1 17
2138 1
2139 10
2140 16
2141 1
2142 16
2143 1 22
2144 15
2145 10 14
2146 1
2147 1
2148 1 15
2149 17
2150 16
2151 1
2152 1
2153 1
2154 16
2155 1
2156 22 27
2157 15
2158 1
2159 16 20
2160 1 17
2161 1 17 27
2162 17
2163 17
2164 11
2165 1 17
2166 16
2167 1
2168 1
2169 1 27 35
2170 17
2171 17
2172 17
2173 17
2174 1
2175 1
2176 1 15
2177 17
2178 1 35
2179 11
2180 1 17 35
2181 16 20
2182 16
2183 1 35
2184 17
2185 22 27
2186 1
2187 10
2188 14
2189 10
2190 17
2191 1 27
2192 10 14
2193 35
2194 1 35
2195 16
2196 16
2197 1 27
2198 13
2199 10 14 17
2200 16 35
2201 1
2202 17
2203 1
2204 16
2205 10 14
2206 1
2207 17
2208 22 27
2209 16 20
2210 1 35
2211 1
2212 1
2213 1
2214 20
2215 17
2216 1 22 35
2217 1
2218 16
2219 17
2220 16
2221 1 22
2222 17
2223 6
2224 17
2225 1 35
2226 1 35
2227 1
2228 10 14
2229 16
2230 1
2231 16
2232 1
2233 10 14
2234 1
2235 1 35
2236 1
2237 1
2238 1 22 27
2239 1
2240 1
2241 16
2242 1
2243 1
2244 20
2245 16
2246 1 17
2247 10 14
2248 1
2249 16
2250 1 35
2251 10 14
2252 16
2253 16
2254 1 17 22 27
2255 1
2256 1
2257 10 14
2258 20
2259 1
2260 12 35
2261 16
2262 1
2263 15
2264 10 14
2265 16
2266 16
2267 16
2268 10
2269 16
2270 1 17 35
2271 16
2272 17
2273 22 27
2274 22
2275 10 14
2276 1
2277 22
2278 20
2279 13
2280 13
2281 1
2282 16
2283 13 17
2284 1 17
2285 1
2286 22 27
2287 1 15
2288 1
2289 1 15
2290 1
2291 20
2292 16
2293 16
2294 1
2295 1 15 17
2296 10 14
2297 10 14 17
2298 1 17
2299 1 35
2300 16
2301 10 14
2302 1
2303 1
2304 10 14
2305 1
2306 1
2307 16 20
2308 16
2309 13
2310 1
2311 13
2312 17
2313 16
2314 16
2315 1 17
2316 16
2317 1
2318 1
2319 39
2320 10 14
2321 10 14
2322 10 14
2323 1
2324 1
2325 1
2326 17
2327 1
2328 1
2329 10 14 17
2330 22 27
2331 17
2332 1
2333 10 14
2334 1
2335 16
2336 17
2337 1
2338 1
2339 10 14
2340 1 27 35
2341 1
2342 12 35
2343 20
2344 16 20
2345 1
2346 1 35
2347 1
2348 16
2349 10 14
2350 10 14
2351 1 17
2352 16 22
2353 16 20
2354 16
2355 1 22 27
2356 1
2357 22
2358 1
2359 17
2360 17
2361 17
2362 16
2363 17
2364 16
2365 22 27
2366 15 17
2367 1
2368 1
2369 1 35
2370 1 17 35
2371 1 17
2372 1 13
2373 16
2374 10 14
2375 13
2376 1
2377 16
2378 10 14
2379 16
2380 16
2381 17
2382 17
2383 10 14
2384 1
2385 1
2386 1
2387 1
2388 10 14
2389 16
2390 1 22
2391 16
2392 1 17
2393 10 14
2394 17
2395 16
2396 1
2397 22
2398 16
2399 15
2400 22
2401 17
2402 1
2403 1 22
2404 17 35
2405 1
2406 16
2407 22 27
2408 1
2409 1 17
2410 16
2411 13
2412 16
2413 17
2414 13
2415 1 35
2416 10 14
2417 15
2418 1
2419 1 35
2420 1 22 27
2421 1
2422 14
2423 10 14
2424 13
2425 15
2426 16
2427 1
2428 17
2429 15
2430 17
2431 13
2432 15
2433 10 14
2434 10 14
2435 10 14
2436 16
2437 1
2438 1 10
2439 10 14
2440 16 20
2441 1
2442 1
2443 16
2444 17 22
2445 1 15
2446 20
2447 10 14
2448 1 22 27
2449 1 22
2450 1 22
2451 16 20
2452 1
2453 1
2454 17
2455 1 35
2456 17 22
2457 1
2458 16
2459 13
2460 1
2461 16 20
2462 1
2463 16
2464 1
2465 17
2466 1
2467 17
2468 1 17
2469 17
2470 1
2471 1
2472 17
2473 13
2474 10 14
2475 10 14
2476 1
2477 1 22
2478 1
2479 17
2480 1
2481 1
2482 1 22
2483 1 35
2484 1
2485 1
2486 1
2487 13
2488 1 15
2489 10 14
2490 1
2491 17
2492 1 17 35
2493 17
2494 17
2495 16
2496 1
2497 1
2498 1 35
2499 16
2500 1 27
2501 1
2502 16
2503 17
2504 1
2505 1
2506 1
2507 1
2508 1 13
2509 13
2510 10 14 17
2511 1
2512 10 14
2513 1 17
2514 16 20
2515 1
2516 22 27
2517 1 17
2518 1 17
2519 16
2520 1 22 27 35
2521 11
2522 17
2523 1
2524 16 35
2525 1 13
2526 1
2527 1
2528 16 20
2529 16 35
2530 1 35
2531 1
2532 17
2533 22 27
2534 16
2535 16
2536 14
2537 1
2538 10 22
2539 1 35
2540 1
2541 14
2542 1
2543 1 35
2544 1
2545 17
2546 1 17
2547 16
2548 10
2549 1
2550 1
2551 17
2552 1
2553 16
2554 28
2555 1 17
2556 1
2557 1
2558 1 22
2559 1
2560 1
2561 1
2562 1
2563 1
2564 1
2565 1
2566 16 20 35
2567 22
2568 1 17
2569 17
2570 1
2571 1
2572 1 22
2573 1 17
2574 1
2575 16
2576 1
2577 10 14
2578 1
2579 27
2580 16
2581 1
2582 17
2583 17
2584 15
2585 20
2586 10 14 17
2587 16 20
2588 10 17
2589 1
2590 1
2591 1
2592 1
2593 15
2594 1
2595 1 10 14
2596 1 22 27
2597 1 22
2598 1 17 35
2599 16 20
2600 15
2601 1
2602 22 27
2603 1 22
2604 10
2605 1 35
2606 17
2607 1
2608 22
2609 16
2610 20
2611 15
2612 10 14
2613 1
2614 20
2615 1
2616 15
2617 14
2618 1 22
2619 27
2620 16
2621 1
2622 10
2623 15
2624 14 17
2625 1 22
2626 1
2627 10 14
2628 16
2629 16
2630 1
2631 17
2632 1 35
2633 10 14
2634 30
2635 17
2636 17
2637 1
2638 13 17
2639 10 14
2640 1 35
2641 1
2642 22 27
2643 1 22
2644 10 14
2645 1
2646 22
2647 1
2648 17
2649 1
2650 1
2651 1 17
2652 16
2653 17
2654 1 35
2655 1 35
2656 1
2657 1 35
2658 10 14
2659 1
2660 22 27
2661 10 14
2662 17
2663 1
2664 14
2665 10 14
2666 1 17
2667 13
2668 10 14
2669 16
2670 13
2671 16
2672 16
2673 16
2674 17
2675 10
2676 1
2677 1
2678 13
2679 16
2680 16
2681 1
2682 17
2683 1
2684 1
2685 1
2686 1
2687 16
2688 16
2689 17
2690 17
2691 1
2692 1 35
2693 15
2694 1
2695 1
2696 20
2697 10 14
2698 16
2699 1
2700 22
2701 1
2702 20
2703 1 15
2704 20
2705 17
2706 1
2707 16 35
2708 15
2709 17
2710 1
2711 1 22
2712 1
2713 1
2714 1 35
2715 35
2716 1 35
2717 1
2718 1 35
2719 1
2720 1
2721 1
2722 17
2723 10 14 17
2724 1
2725 13
2726 1
2727 10 14
2728 17
2729 1 17
2730 10 14
2731 1
2732 1
2733 1
2734 16
2735 1 22
2736 1 27 35
2737 1
2738 1
2739 1 35
2740 16 35
2741 1
2742 1 17 35
2743 1 17 35
2744 22
2745 1 15
2746 16
2747 16
2748 1
2749 16
2750 16
2751 1 35
2752 1
2753 1
2754 1
2755 17
2756 14
2757 17
2758 1
2759 16
2760 35
2761 1
2762 1 27
2763 1
2764 1 22 35
2765 1
2766 22 27
2767 10 14
2768 1 13 16 22
2769 17 22 27
2770 1
2771 1 35
2772 17
2773 1 35
2774 16
2775 1 16
2776 1
2777 25
2778 17
2779 17
2780 13
2781 16
2782 16
2783 1 16
2784 17 35
2785 17
2786 16
2787 1 15
2788 16
2789 1 22 35
2790 1
2791 1
2792 35
2793 1
2794 10 14 17
2795 1
2796 35
2797 35
2798 17
2799 1
2800 1 17 35
2801 13
2802 10 14
2803 17
2804 15 17
2805 1
2806 1 35
2807 13
2808 17
2809 14
2810 1
2811 1
2812 1 17
2813 1 27
2814 16 20
2815 17
2816 17
2817 22 27
2818 1
2819 16
2820 14 17
2821 1 27
2822 35
2823 1 10 17 27
2824 1 22
2825 1 35
2826 1
2827 16
2828 17 35
2829 1
2830 1 35
2831 10 14
2832 1 13 17
2833 1 22
2834 15
2835 13
2836 13
2837 17
2838 1
2839 17
2840 13
2841 16
2842 13
2843 22 27
2844 1 16
2845 10 17
2846 16
2847 17
2848 1
2849 16
2850 1
2851 1 17
2852 16
2853 10 14
2854 1
2855 1
2856 1
2857 1
2858 1
2859 1 15
2860 1
2861 1
2862 1 17
2863 17
2864 14 17
2865 1
2866 22 27
2867 20
2868 17
2869 14 17
2870 1
2871 13
2872 16
2873 16
2874 1
2875 17
2876 10 14
2877 16 20
2878 1
2879 1
2880 1
2881 1 15
2882 17
2883 1 15
2884 1 22 27
2885 1
2886 1
2887 1 35
2888 1 35
2889 10
2890 1
2891 13
2892 1
2893 15
2894 1
2895 1 17 35
2896 17
2897 16
2898 1
2899 16
2900 17
2901 13
2902 16
2903 16
2904 13
2905 1
2906 16
2907 1
2908 17
2909 13
2910 13
2911 1
2912 1
2913 17
2914 10 14
2915 1 17
2916 1
2917 22 27
2918 1 22
2919 35
2920 17
2921 1
2922 1 15
2923 20
2924 1
2925 17
2926 1
2927 1
2928 10 14
2929 17
2930 16
2931 13
2932 10 14
2933 16 20
2934 16
2935 17
2936 13
2937 1
2938 14 17
2939 16
2940 14
2941 1
2942 1 17
2943 1 35
2944 16
2945 16
2946 10 14
2947 20
2948 1
2949 1
2950 1
2951 16
2952 17
2953 1
2954 16
2955 16
2956 10 14 17
2957 22 27
2958 16
2959 10 14
2960 16
2961 1
2962 1 16
2963 13
2964 1
2965 1 16 22
2966 1 35
2967 17
2968 1
2969 1
2970 1
2971 14
2972 17
2973 39
2974 16
2975 1
2976 16
2977 16
2978 1 35
2979 22 27
2980 1 35
2981 17
2982 22 27
2983 16
2984 16
2985 6
2986 1
2987 1 22 27
2988 13 17
2989 1
2990 20
2991 1 10 14 35
2992 17
2993 13
2994 1 22
2995 1
2996 1
2997 17
2998 13
2999 15
3000 1 35
3001 14
3002 13
3003 14
3004 17
3005 16
3006 1
3007 16
3008 17
3009 22 27
3010 1
3011 17
3012 10 14
3013 1
3014 1 22
3015 1 13 35
3016 14 17
3017 16
3018 17 35
3019 16
3020 1
3021 13
3022 1
3023 1 13 35
3024 1
3025 1
3026 1
3027 1
3028 1 35
3029 1
3030 16 20
3031 1 35
3032 1
3033 1 17
3034 15
3035 1
3036 1
3037 1
3038 16
3039 16
3040 1
3041 1 22
3042 10
3043 17 35
3044 10 14
3045 22
3046 1
3047 1 17
3048 16 20
3049 22 27
3050 1
3051 17
3052 1 13 35
3053 1
3054 10 14
3055 22 27
3056 10 14
3057 15
3058 10 14
3059 1 35
3060 17
3061 16 35
3062 1
3063 1
3064 17
3065 1
3066 17 35
3067 1
3068 17
3069 16
3070 1
3071 1 22
3072 1
3073 16
3074 1
3075 17
3076 16
3077 10 14
3078 1
3079 1
3080 1 17
3081 1
3082 1
3083 1
3084 1
3085 1
3086 15 17
3087 1 22
3088 1
3089 1 16
3090 1 17
3091 20
3092 16
3093 1
3094 15
3095 1
3096 20
3097 15
3098 16
3099 1
3100 10 14
3101 1
3102 1
3103 22 27
3104 1 22
3105 1
3106 1
3107 10 14
3108 1
3109 1
3110 13
3111 16
3112 27 35
3113 16
3114 1
3115 17
3116 10 14
3117 1
3118 1
3119 1
3120 1
3121 16
3122 16
3123 1
3124 1 11 27
3125 1
3126 16
3127 1
3128 16
3129 1 17
3130 1
3131 16
3132 1
3133 1
3134 1
3135 17
3136 10 14
3137 1
3138 1
3139 16
3140 17
3141 14
3142 1
3143 15
3144 14 17
3145 17
3146 17
3147 1
3148 13
3149 22 27
3150 22 27
3151 10 14
3152 22 27
3153 16
3154 1 17
3155 17
3156 15
3157 1
3158 1
3159 16
3160 17
3161 1
3162 1 22
3163 15 17
3164 1 35
3165 17 22
3166 14
3167 1
3168 16
3169 20
3170 17
3171 1
3172 17
3173 17
3174 1
3175 1
3176 1 16
3177 1 35
3178 1 35
3179 1
3180 14
3181 1
3182 1
3183 16
3184 14
3185 1
3186 16
3187 16
3188 16
3189 1
3190 14
3191 22 27
3192 10 14
3193 16 22 35
3194 1
3195 1 35
3196 22 27
3197 1
3198 14
3199 10 14
3200 1
3201 17
3202 16
3203 22
3204 17
3205 35
3206 16
3207 1
3208 16
3209 16
3210 17
3211 16
3212 20
3213 14
3214 22 27
3215 16
3216 22
3217 17
3218 10 14
3219 16
3220 17
3221 17
3222 1
3223 16
3224 14
3225 27
3226 1
3227 1 22
3228 14
3229 1
3230 17
3231 16
3232 16
3233 1
3234 17
3235 17
3236 16
3237 22 27
3238 1
3239 1 17
3240 1
3241 16
3242 22
3243 10 14 17
3244 14
3245 1
3246 15
3247 16
3248 1 22
3249 1
3250 14
3251 22
3252 1
3253 16
3254 17
3255 17 35
3256 1 22
3257 1
3258 17
3259 22 27
3260 14
3261 16
3262 22
3263 20
3264 22
3265 10 14
3266 1
3267 16 20
3268 16
3269 14
3270 16
3271 1 13 35
3272 17
3273 35
3274 1
3275 17
3276 1
3277 1
3278 1
3279 1
3280 16
3281 1
3282 16
3283 6
3284 1
3285 1 27
3286 10 14
3287 1 35
3288 10
3289 1 13
3290 1 22 27
3291 13
3292 1
3293 1 35
3294 10 17 35
3295 1 17
3296 16 20
3297 16
3298 1 15
3299 17
3300 16
3301 20
3302 1
3303 1
3304 14
3305 1 15
3306 16
3307 22 27
3308 1
3309 1 35
3310 1
3311 1
3312 14
3313 1
3314 1 27 35
3315 22
3316 1 15
3317 1
3318 1 14
3319 17
3320 20
3321 1
3322 16
3323 10 14
3324 1
3325 1
3326 17 27 35
3327 17
3328 1
3329 17 35
3330 1
3331 1 17
3332 1
3333 10 14
3334 1
3335 10 14
3336 22 27
3337 14 17
3338 16
3339 1
3340 22
3341 17
3342 17
3343 16 20
3344 1
3345 13
3346 16
3347 17
3348 22
3349 1
3350 1
3351 17
3352 1
3353 17
3354 16
3355 16
3356 15
3357 17
3358 1
3359 1 17
3360 1
3361 1 35
3362 1 17 35
3363 1 14 35
3364 1
3365 17
3366 1
3367 15
3368 1
3369 17
3370 10 22
3371 1
3372 22
3373 1
3374 1
3375 1 35
3376 1 22
3377 16
3378 1
3379 13 27 35
3380 13 6
3381 16 17
3382 1 35
3383 1
3384 1
3385 16 20
3386 1 35
3387 17
3388 16 20
3389 1
3390 1 17
3391 1
3392 17
3393 1 35
3394 1
3395 1
3396 16
3397 14
3398 1
3399 16
3400 1
3401 1 22 27
3402 1
3403 16
3404 1 17 35
3405 1
3406 1
3407 1
3408 1
3409 1 17
3410 1
3411 17
3412 1
3413 16 20
3414 17
3415 1
3416 16
3417 16
3418 13
3419 1 35
3420 16
3421 17
3422 13
3423 13
3424 13 17
3425 1
3426 1 35
3427 1
3428 17
3429 13 35
3430 17
3431 17
3432 17
3433 1 27
3434 14
3435 17
3436 1
3437 1 17 27
3438 17
3439 22 27
3440 16
3441 16
3442 16
3443 10 14
3444 1
3445 1
3446 1
3447 1
3448 1
3449 1
3450 1
3451 1
3452 1
3453 1 16
3454 1
3455 16
3456 1
3457 1 15
3458 1 17
3459 1
3460 17
3461 14
3462 1
3463 14
3464 15
3465 17
3466 17
3467 1 35
3468 1
3469 13
3470 1
3471 1 17 35
3472 22 27
3473 10 14
3474 1
3475 1
3476 1
3477 1
3478 1
3479 16
3480 1 35
3481 22 27
3482 1
3483 17
3484 1
3485 1 17
3486 10 14
3487 1
3488 17
3489 1
3490 17
3491 1 15
3492 17
3493 1
3494 17
3495 16
3496 1
3497 10 14
3498 14 17
3499 1
3500 16
3501 1
3502 1
3503 22 27
3504 16
3505 16
3506 1
3507 1 22 27
3508 10 14
3509 15
3510 1
3511 14 17
3512 17
3513 16
3514 14
3515 1
3516 16
3517 17
3518 1 22
3519 17
3520 1
3521 1
3522 1
3523 16
3524 1
3525 10 14
3526 1
3527 14
3528 1
3529 16
3530 1
3531 22 27
3532 15
3533 17
3534 15
3535 17
3536 10 14
3537 20
3538 15
3539 16
3540 1 15
3541 1
3542 22 27
3543 10
3544 20
3545 1
3546 10 14
3547 10 14 17
3548 1
3549 20
3550 16
3551 16
3552 1
3553 1
3554 16
3555 1
3556 17
3557 1
3558 17
3559 16
3560 1
3561 1
3562 1
3563 1
3564 1
3565 1 10 27
3566 10 14
3567 20
3568 1
3569 16
3570 16
3571 22
3572 1
3573 20
3574 15
3575 16
3576 13
3577 16
3578 1 35
3579 1 22
3580 1
3581 1 15
3582 14
3583 1 27
3584 17
3585 1
3586 1
3587 13
3588 16
3589 1 15
3590 1
3591 1
3592 17
3593 1 35
3594 1
3595 1 35
3596 17
3597 1 16
3598 16
3599 1
3600 17
3601 1 22
3602 1 35
3603 1
3604 1
3605 16
3606 17
3607 17
3608 1
3609 14
3610 1
3611 1
3612 1
3613 15
3614 17
3615 1 15
3616 22 27
3617 1
3618 17
3619 16
3620 1
3621 17
3622 13
3623 17
3624 1
3625 1 35
3626 1
3627 1
3628 16
3629 22 27
3630 16
3631 1
3632 1
3633 17
3634 1
3635 1
3636 1
3637 13
3638 13
3639 10 14 17
3640 1 35
3641 1
3642 16 20
3643 1 27
3644 1
3645 16
3646 1 15
3647 1 17
3648 1
3649 1
3650 16
3651 1
3652 1 27
3653 16
3654 1
3655 1
3656 1
3657 16
3658 1
3659 10
3660 1
3661 16
3662 16
3663 1 15
3664 16
3665 13
3666 16 20
3667 17
3668 1
3669 22
3670 16
3671 17
3672 17
3673 35
3674 18
3675 17
3676 16
3677 1
3678 17
3679 17
3680 39
3681 1
3682 16
3683 13
3684 1 22
3685 17
3686 1 22
3687 16
3688 15
3689 22
3690 1
3691 16
3692 16
3693 1
3694 23
3695 32
3696 32
3697 1
3698 17
3699 1
3700 1 17
3701 6
3702 33
3703 1
3704 1
3705 38 7
3706 1
3707 1
3708 1
3709 17
3710 10 14
3711 20
3712 22
3713 22 27
3714 16
3715 10 14
3716 22
3717 1
3718 1
3719 10 14
3720 1
3721 17
3722 1
3723 1 35
3724 16
3725 1
3726 1
3727 16
3728 16
3729 16
3730 10 14
3731 10
3732 16
3733 1
3734 13
3735 14 17
3736 17
3737 1 35
3738 1 17 35
3739 1 35
3740 16
3741 10 14
3742 17
3743 1
3744 16
3745 16
3746 1
3747 1 35
3748 1
3749 1
3750 1
3751 15
3752 1
3753 22 27
3754 20
3755 22
3756 1
3757 1
3758 1 35
3759 1 35
3760 16
3761 1
3762 1
3763 1
3764 13
3765 15
3766 1
3767 1 17 35
3768 22 27
3769 1
3770 1 35
3771 13
3772 22 27
3773 16
3774 10
3775 14
3776 14
3777 17 27
3778 20
3779 1
3780 1
3781 17
3782 1
3783 1
3784 16
3785 14
3786 1 22
3787 16
3788 1
3789 17
3790 17
3791 1
3792 16
3793 1
3794 17
3795 16
3796 10
3797 1
3798 13
3799 1
3800 1 27
3801 17
3802 15
3803 16
3804 20
3805 17
3806 15
3807 11
3808 1
3809 1 35
3810 17
3811 30
3812 40
3813 1
3814 1
3815 16
3816 14
3817 17
3818 1
3819 1 27
3820 16
3821 1
3822 1 27 35
3823 16
3824 1
3825 16
3826 1
3827 16
3828 1
3829 17
3830 17
3831 14
3832 1
3833 1
3834 1
3835 22
3836 16
3837 1
3838 14
3839 1
3840 1 16
3841 16
3842 22
3843 16
3844 17
3845 1
3846 1 35
3847 16
3848 16
3849 1
3850 1
3851 1
3852 16
3853 1
3854 22 27
3855 16
3856 1 10
3857 1 15
3858 15
3859 1 35
3860 1
3861 1
3862 1
3863 10 14
3864 16
3865 1
3866 1
3867 10
3868 16 20
3869 16
3870 1
3871 1
3872 1
3873 16
3874 1 35
3875 1 35
3876 16
3877 1
3878 1 16
3879 1
3880 1
3881 16
3882 14
3883 1 17 35
3884 1
3885 35
3886 1 13 35
3887 10 17
3888 30
3889 16
3890 1
3891 1
3892 1
3893 17
3894 15
3895 13
3896 16
3897 1
3898 1 17
3899 16
3900 22
3901 16
3902 1 17
3903 17
3904 1
3905 10 14
3906 16
3907 15
3908 1
3909 1
3910 14
3911 17
3912 1
3913 1
3914 16
3915 13
3916 10 14
3917 1
3918 13
3919 1 15 17
3920 10
3921 10 14
3922 16
3923 16
3924 22 27
3925 15 17
3926 1
3927 1
3928 22
3929 16
3930 1 27
3931 6
3932 22
3933 17
3934 1
3935 16
3936 1
3937 15 17
3938 14
3939 1
3940 1 13 17
3941 16
3942 1
3943 1
3944 20
3945 1
3946 1
3947 1
3948 1
3949 1
3950 16
3951 1
3952 20 35
3953 1
3954 16
3955 10 14
3956 16
3957 17
3958 1
3959 15
3960 1
3961 13
3962 1
3963 16
3964 1 35
3965 1
3966 1
3967 15
3968 1 35
3969 20
3970 1
3971 1
3972 1
3973 16
3974 17
3975 1
3976 22 27
3977 16
3978 20
3979 35
3980 17
3981 14
3982 1
3983 16
3984 1
3985 1
3986 16
3987 16
3988 1
3989 1
3990 15
3991 1
3992 15
3993 22
3994 1 27
3995 16 20
3996 22
3997 22
3998 1
3999 1 22
4000 1
4001 1
4002 1
4003 22 27
4004 16
4005 1
4006 1
4007 1 35
4008 13
4009 1
4010 15
4011 1 16
4012 1
4013 15
4014 1
4015 16
4016 6
4017 17
4018 1
4019 1
4020 14
4021 17
4022 17
4023 1 35
4024 1 16 35
4025 1 11
4026 1
4027 22 27
4028 17
4029 1
4030 1
4031 15
4032 22 27
4033 1
4034 17
4035 11 35
4036 1
4037 1
4038 17
4039 1
4040 16
4041 1
4042 1
4043 17
4044 17
4045 16
4046 14
4047 15
4048 1
4049 17
4050 17
4051 17
4052 35
4053 10 14 17
4054 1
4055 22
4056 16
4057 15
4058 1
4059 17
4060 14 17
4061 1 17
4062 10
4063 15
4064 22
4065 22
4066 16
4067 17
4068 17
4069 16 20
4070 16
4071 22
4072 1
4073 16
4074 16
4075 22 27
4076 17
4077 1
4078 17
4079 16
4080 16 20
4081 10 17
4082 16
4083 1
4084 16
4085 16
4086 15
4087 1
4088 1 22
4089 17
4090 14
4091 1
4092 16 35
4093 1
4094 16
4095 1
4096 1 16
4097 15 17
4098 1 22
4099 1
4100 1
4101 20
4102 1
4103 1
4104 13
4105 15
4106 16
4107 1 17
4108 17
4109 1 17
4110 1
4111 1 17
4112 1
4113 1 35
4114 1 35
4115 13
4116 17
4117 1
4118 1
4119 1
4120 1
4121 1
4122 1
4123 1 22
4124 13
4125 1
4126 1
4127 1 35
4128 35
4129 1 22
4130 1 16
4131 1
4132 17
4133 16
4134 27 35
4135 16
4136 1
4137 16
4138 1
4139 17
4140 1
4141 1 16
4142 13
4143 14
4144 14
4145 16
4146 1
4147 16
4148 22
4149 22 27
4150 17
4151 17
4152 1
4153 1
4154 1
4155 22 27
4156 1
4157 1
4158 17
4159 16
4160 16
4161 1
4162 1
4163 1
4164 16
4165 15
4166 1
4167 17
4168 1
4169 1
4170 1
4171 17
4172 1
4173 16
4174 1
4175 1
4176 16
4177 14
4178 17
4179 1
4180 17
4181 16
4182 1 35
4183 1 35
4184 1
4185 17
4186 17
4187 13 17
4188 1
4189 1
4190 17
4191 1
4192 17
4193 22 27
4194 17
4195 16
4196 1
4197 1
4198 22
4199 20
4200 16
4201 17
4202 1
4203 10 17
4204 13
4205 20
4206 16
4207 1
4208 16
4209 1
4210 17
4211 10 17
4212 1
4213 11
4214 1
4215 1
4216 1
4217 16
4218 17
4219 17
4220 16
4221 1 22
4222 17
4223 15
4224 16
4225 1 17 35
4226 1
4227 17
4228 16
4229 35
4230 16 35
4231 1
4232 17
4233 1
4234 16
4235 1 35
4236 16 20
4237 16 20 35
4238 1
4239 1
4240 1 35
4241 1
4242 1 35
4243 1 17 27
4244 35
4245 17
4246 20
4247 22 35
4248 10 14
4249 1
4250 16
4251 1
4252 1
4253 1
4254 1 35
4255 16
4256 16
4257 1 15
4258 1
4259 14
4260 10 14
4261 10
4262 16 20
4263 20
4264 17
4265 1
4266 1 35
4267 16
4268 1
4269 1
4270 1 35
4271 1 10
4272 1 10
4273 14
4274 1
4275 1
4276 16
4277 1 22
4278 10
4279 1
4280 16
4281 1
4282 30
4283 15
4284 17
4285 16
4286 1 35
4287 20
4288 1 35
4289 1
4290 14
4291 1
4292 1 35
4293 1
4294 1
4295 16
4296 16
4297 17
4298 1 35
4299 1 35
4300 35
4301 17
4302 1 13
4303 1
4304 16
4305 20
4306 16 20
4307 1 35
4308 20
4309 1
4310 1
4311 1 35
4312 1 35
4313 16
4314 1
4315 16
4316 1
4317 1 17
4318 1 17
4319 17
4320 16
4321 1 35
4322 1
4323 16
4324 1
4325 1 35
4326 1
4327 1
4328 16
4329 1
4330 16 17
4331 1
4332 1
4333 14
4334 17
4335 1
4336 1 35 4
4337 1
4338 35
4339 1 35
4340 17
4341 14
4342 16
4343 17
4344 1 17 35
4345 1
4346 13
4347 16
4348 17
4349 16
4350 1
4351 17
4352 17
4353 17
4354 1
4355 1 35
4356 14
4357 1 16
4358 1 22
4359 16
4360 17
4361 16 35
4362 13
4363 16
4364 13
4365 1
4366 35
4367 1
4368 1
4369 17
4370 16
4371 16
4372 22
4373 16
4374 20
4375 1 17
4376 16
4377 17
4378 15
4379 16
4380 16
4381 1
4382 1
4383 1 35
4384 10 14
4385 1
4386 16
4387 20
4388 17
4389 17
4390 1 17
4391 15
4392 17
4393 14 17
4394 15
4395 1
4396 35
4397 16
4398 17
4399 28
4400 16
4401 1 17
4402 1
4403 22
4404 16
4405 1 15
4406 1 17
4407 1
4408 1
4409 16
4410 1
4411 22 27
4412 1
4413 1
4414 17
4415 17
4416 1
4417 17
4418 1
4419 20
4420 1 22 27
4421 13
4422 17
4423 1
4424 16
4425 13
4426 16
4427 16
4428 16 35
4429 22 27
4430 1
4431 16
4432 1
4433 16 20
4434 17 18
4435 16
4436 1
4437 17
4438 16 35
4439 1
4440 1
4441 10 14
4442 13
4443 14 17
4444 16
4445 1 15
4446 1
4447 1
4448 1
4449 1
4450 10 14
4451 1
4452 16
4453 17
4454 27
4455 17
4456 1
4457 1
4458 1
4459 22
4460 20
4461 15
4462 1
4463 16
4464 1
4465 16 20
4466 1
4467 1
4468 1 17
4469 17
4470 1
4471 1
4472 1 22
4473 1
4474 20
4475 1 15
4476 1
4477 1
4478 17
4479 20
4480 1
4481 10
4482 15
4483 16
4484 1
4485 17
4486 10 14 17
4487 16
4488 14
4489 15
4490 1
4491 17
4492 17
4493 1
4494 1
4495 1 22 27
4496 1
4497 14
4498 1
4499 1
4500 14
4501 13
4502 22
4503 16
4504 1
4505 13
4506 16
4507 22
4508 1 35
4509 16 20
4510 1 22
4511 1
4512 16
4513 1
4514 1 35
4515 22 27
4516 20
4517 1
4518 10 14
4519 1
4520 15
4521 14
4522 15
4523 1
4524 16
4525 15
4526 1
4527 22 27
4528 1
4529 22
4530 10 14
4531 16 20
4532 1
4533 10 14 17
4534 22
4535 16
4536 1
4537 22 27
4538 10 14
4539 1
4540 14
4541 1 27
4542 10 14 17
4543 22
4544 1
4545 10
4546 17
4547 10
4548 15
4549 1 22
4550 1
4551 1
4552 17
4553 22
4554 1
4555 20
4556 1
4557 16
4558 1
4559 16
4560 14
4561 14
4562 1
4563 1 35
4564 1
4565 1 35
4566 1 35
4567 15
4568 16
4569 16
4570 1
4571 16
4572 1 35
4573 1
4574 1
4575 16
4576 17
4577 1
4578 1 35
4579 20 35
4580 1
4581 1 35
4582 1
4583 17
4584 1
4585 16
4586 1
4587 1 17 27
4588 10
4589 16
4590 16
4591 16
4592 1
4593 17
4594 1
4595 1 27
4596 1
4597 1
4598 14
4599 13
4600 15
4601 13
4602 1 13
4603 1
4604 14 17
4605 1
4606 1
4607 14 17
4608 10 14
4609 13
4610 22 27
4611 1 17
4612 16
4613 17
4614 1
4615 1
4616 17
4617 16
4618 1
4619 1 17
4620 13
4621 16
4622 17
4623 17
4624 1 35
4625 1
4626 17
4627 14
4628 22 27
4629 17
4630 1
4631 1 35
4632 1
4633 10 14
4634 10 14
4635 17
4636 1 35
4637 1
4638 10 14
4639 1
4640 16
4641 1
4642 1
4643 10
4644 16
4645 13
4646 10
4647 13
4648 22
4649 20
4650 1
4651 1
4652 17
4653 1
4654 1 27
4655 20
4656 17
4657 1 22
4658 10 14
4659 1
4660 22
4661 16
4662 1
4663 16 20
4664 1
4665 1
4666 1
4667 17
4668 1 35
4669 1
4670 1
4671 1 16
4672 35
4673 17
4674 17
4675 16
4676 16
4677 1
4678 1
4679 1
4680 1
4681 1
4682 13
4683 13
4684 40
4685 35
4686 17
4687 25
4688 16
4689 1
4690 1 13 27
4691 14
4692 1
4693 1 22
4694 1
4695 17
4696 14 17
4697 22 27
4698 1
4699 1 11
4700 22 27
4701 10 14
4702 16 20
4703 1
4704 1
4705 20
4706 1
4707 20
4708 16
4709 14 17
4710 1
4711 17
4712 16
4713 17
4714 1
4715 1
4716 1
4717 1
4718 13
4719 1
4720 17
4721 17
4722 20
4723 10 14
4724 17
4725 13
4726 1
4727 10 14
4728 1
4729 1
4730 1 35
4731 1 35
4732 1 35
4733 1
4734 20
4735 22 27
4736 15
4737 16
4738 16
4739 17
4740 1
4741 16
4742 16
4743 17
4744 16
4745 16
4746 10 14
4747 1 22
4748 16
4749 1
4750 1 27
4751 20
4752 1
4753 16
4754 1 17
4755 1
4756 1 27
4757 1
4758 1
4759 17
4760 17
4761 11
4762 1
4763 13
4764 16 20 35
4765 1
4766 16
4767 10 14
4768 16
4769 1
4770 16
4771 16
4772 1 17
4773 1
4774 35
4775 1 22 40
4776 1 27 35
